datetime,symbol,_id,exchange,interval,sumOpenInterest,sumOpenInterestValue,longAccount,inserted_datetime,long_OI,long_OI_change,sum_OI_change,long_OI_pct_change,sum_OI_pct_change,open,high,low,close,volume
2024-08-21 10:35:00,ARKMUSDT,66c5c37633a1faa0652bd17d,Binance,5m,7577459.0,7752342.9649905,0.7446,2024-08-21 18:37:42,5642175.9714,18694.3650000002,-5445.0,0.00332434,-0.0007180626,1.023,1.0234,1.0222,1.0234,6466.0
2024-08-21 10:40:00,ARKMUSDT,66c5c43575fa436123578e76,Binance,5m,7580058.0,7746696.40325982,0.744,2024-08-21 18:40:53,5639563.152,-2612.8194000004,2599.0,-0.0004630872,0.000342991,1.0219,1.0221,1.0215,1.0219,2016.0
2024-08-21 10:45:00,ARKMUSDT,66c5c54e32c70d8ca7f02e44,Binance,5m,7590006.0,7765335.1386,0.74,2024-08-21 18:45:34,5616604.44,-22958.7120000003,9948.0,-0.0040710089,0.001312391,1.023,1.0234,1.023,1.0231,2522.0
2024-08-21 10:50:00,ARKMUSDT,66c5c67f0d28489283648299,Binance,5m,7616496.0,7777965.7152,0.7439,2024-08-21 18:50:39,5665911.3744,49306.9344000006,26490.0,0.0087787799,0.0034901158,1.0213,1.0221,1.0212,1.022,48702.0
2024-08-21 10:55:00,ARKMUSDT,66c5c79f0788cec8cdab2620,Binance,5m,7633790.0,7831480.1985067,0.7416,2024-08-21 18:55:27,5661218.664,-4692.7104000002,17294.0,-0.0008282358,0.0022705979,1.0253,1.0276,1.0253,1.0262,24362.0
2024-08-21 11:00:00,ARKMUSDT,66c5c8d9d0a6235fd39c1f31,Binance,5m,7637907.0,7842056.33897508,0.741,2024-08-21 19:00:41,5659689.087,-1529.5769999996,4117.0,-0.0002701851,0.0005393127,1.0267,1.0288,1.026,1.0275,21758.0
2024-08-21 11:10:00,ARKMUSDT,66c5cb25b4d7755ce8dab4c3,Binance,5m,7633246.0,7822550.5008,0.7453,2024-08-21 19:10:29,5689058.243799999,25612.0212999992,5709.0,0.0045223386,0.0007484723,1.0247,1.0247,1.024,1.024,481.0
2024-08-21 11:15:00,ARKMUSDT,66c5cc58f5f1cc5b477258c1,Binance,5m,7631071.0,7809712.76958509,0.7444,2024-08-21 19:15:36,5680569.2524,-8488.9913999997,-2175.0,-0.0014921611,-0.0002849378,1.0234,1.0237,1.023,1.023,7993.0
2024-08-21 11:20:00,ARKMUSDT,66c5cd8943e6d4110ddc65a9,Binance,5m,7633397.0,7788354.9591,0.7431,2024-08-21 19:20:41,5672377.3107,-8191.9416999994,2326.0,-0.0014420987,0.0003048065,1.0199,1.0204,1.0195,1.0204,3814.0
2024-08-21 11:25:00,ARKMUSDT,66c5ceb35e8107c04793f345,Binance,5m,7637271.0,7788488.9658,0.7434,2024-08-21 19:25:39,5677547.261399999,5169.950699999,3874.0,0.0009114257,0.0005075067,1.0199,1.0203,1.0186,1.0186,6871.0
2024-08-21 11:30:00,ARKMUSDT,66c5cfdd7bc94cd7f1c05f72,Binance,5m,7629969.0,7772649.4203,0.7449,2024-08-21 19:30:37,5683563.9081,6016.6467000004,-7302.0,0.0010597264,-0.0009561007,1.0187,1.0204,1.0181,1.02,22492.0
2024-08-21 11:35:00,ARKMUSDT,66c5d1124a4d6639b17eb3ed,Binance,5m,7625377.0,7781903.57120162,0.7431,2024-08-21 19:35:46,5666417.6487,-17146.2593999999,-4592.0,-0.0030168147,-0.0006018373,1.0203,1.0219,1.0203,1.0219,2235.0
2024-08-21 11:40:00,ARKMUSDT,66c5d23459906877aa08d0fd,Binance,5m,7624176.0,7787714.27023296,0.7416,2024-08-21 19:40:36,5654088.9216,-12328.7270999998,-1201.0,-0.0021757533,-0.0001575004,1.0206,1.0219,1.0201,1.0218,7194.0
2024-08-21 11:45:00,ARKMUSDT,66c5d35af0e99417ad49d954,Binance,5m,7626331.0,7777332.3538,0.7437,2024-08-21 19:45:30,5671702.3647,17613.4430999998,2155.0,0.0031151691,0.0002826535,1.0198,1.02,1.0185,1.0188,13655.0
2024-08-21 11:50:00,ARKMUSDT,66c5d48771bfb838c7807bcc,Binance,5m,7613074.0,7771425.9392,0.7439,2024-08-21 19:50:31,5663365.7486,-8336.6161000002,-13257.0,-0.0014698614,-0.0017383195,1.0206,1.0217,1.0205,1.0217,7864.0
2024-08-21 11:55:00,ARKMUSDT,66c5d5b25421c7fdf1dca04a,Binance,5m,7610950.0,7789179.0410775,0.7424,2024-08-21 19:55:30,5650369.279999999,-12996.4686000003,-2124.0,-0.0022948312,-0.0002789937,1.0232,1.0232,1.0219,1.0221,5945.0
2024-08-21 12:00:00,ARKMUSDT,66c5d6de4c1e6610b6c52df9,Binance,5m,7617083.0,7776280.0347,0.7415,2024-08-21 20:00:30,5648067.044500001,-2302.2354999986,6133.0,-0.0004074487,0.0008058127,1.0207,1.0207,1.0187,1.0192,14608.0
2024-08-21 12:05:00,ARKMUSDT,66c5d810194a37119a33e062,Binance,5m,7616919.0,7765448.9205,0.7446,2024-08-21 20:05:36,5671557.8874,23490.8428999996,-164.0,0.0041590942,-2.15306e-05,1.0196,1.0196,1.0185,1.0188,4245.0
2024-08-21 12:10:00,ARKMUSDT,66c5d938030d4af13f438179,Binance,5m,7620669.0,7761651.3765,0.7441,2024-08-21 20:10:32,5670539.8029,-1018.0845000008,3750.0,-0.000179507,0.000492325,1.0185,1.0192,1.0169,1.0172,11682.0
2024-08-21 12:15:00,ARKMUSDT,66c5da6b1a353e7689c38dd8,Binance,5m,7620011.0,7747265.1837,0.7413,2024-08-21 20:15:39,5648714.1543,-21825.6486,-658.0,-0.0038489543,-8.63441e-05,1.0164,1.0164,1.0132,1.0148,67537.0
2024-08-21 12:20:00,ARKMUSDT,66c5db8f87429915e1a27a96,Binance,5m,7604123.0,7694734.10987415,0.7442,2024-08-21 20:20:31,5658988.3366,10274.1823000005,-15888.0,0.0018188533,-0.0020850364,1.0116,1.0116,1.0087,1.0099,46285.0
2024-08-21 12:25:00,ARKMUSDT,66c5dcc14410e87fb6578637,Binance,5m,7609508.0,7721367.7676,0.7426,2024-08-21 20:25:37,5650820.6408,-8167.6957999999,5385.0,-0.0014433138,0.0007081685,1.0147,1.0153,1.014,1.0141,21776.0
2024-08-21 12:30:00,ARKMUSDT,66c5ddf12a76f630801ddddb,Binance,5m,7625640.0,7750104.933516,0.7416,2024-08-21 20:30:41,5655174.624,4353.9831999997,16132.0,0.0007705046,0.0021199794,1.0166,1.0181,1.0159,1.0174,12334.0
2024-08-21 12:35:00,ARKMUSDT,66c5df14b57aac33cb36d608,Binance,5m,7622550.0,7758993.645,0.7422,2024-08-21 20:35:32,5657456.609999999,2281.9859999996,-3090.0,0.0004035218,-0.0004052119,1.018,1.0183,1.017,1.0179,7128.0
2024-08-21 12:40:00,ARKMUSDT,66c5e047ceb837855906c271,Binance,5m,7620885.0,7763712.1210629,0.7434,2024-08-21 20:40:39,5665365.909,7909.2990000006,-1665.0,0.0013980309,-0.0002184308,1.0178,1.0185,1.0171,1.0171,7188.0
2024-08-21 12:45:00,ARKMUSDT,66c5e16a2c2ea1d744f116d5,Binance,5m,7622509.0,7758189.6602,0.7434,2024-08-21 20:45:30,5666573.190599999,1207.2815999994,1624.0,0.0002130986,0.0002130986,1.0179,1.02,1.0179,1.02,7967.0
2024-08-21 12:50:00,ARKMUSDT,66c5e29f955bb0ecdeb7ad21,Binance,5m,7639140.0,7771543.7898306,0.7456,2024-08-21 20:50:39,5695742.784,29169.5934000006,16631.0,0.0051476602,0.0021818275,1.0174,1.0177,1.0171,1.0175,6125.0
2024-08-21 12:55:00,ARKMUSDT,66c5e3cd696867b8fc080be5,Binance,5m,7640303.0,7754311.98338115,0.7437,2024-08-21 20:55:41,5682093.3411,-13649.4429000001,1163.0,-0.002396429,0.0001522423,1.0149,1.0151,1.0134,1.0144,33229.0
2024-08-21 13:00:00,ARKMUSDT,66c5e4f73890c4e5e73921a2,Binance,5m,7632714.0,7738808.7246,0.7489,2024-08-21 21:00:39,5716139.5146,34046.1735000005,-7589.0,0.0059918364,-0.0009932852,1.0136,1.0146,1.0129,1.0146,27019.0
2024-08-21 13:05:00,ARKMUSDT,66c5e6211e6164822dc0feb4,Binance,5m,7648718.0,7762435.23837782,0.7452,2024-08-21 21:05:37,5699824.6536,-16314.8610000005,16004.0,-0.0028541747,0.002096764,1.0147,1.0162,1.0145,1.0162,21270.0
2024-08-21 13:10:00,ARKMUSDT,66c5e74d66773cb51866f5fc,Binance,5m,7657043.0,7761944.4891,0.7423,2024-08-21 21:10:37,5683823.0189,-16001.6347000003,8325.0,-0.0028073907,0.0010884177,1.0136,1.0146,1.013,1.0131,15652.0
2024-08-21 13:15:00,ARKMUSDT,66c5e87a9cc3e32362720845,Binance,5m,7672932.0,7770472.6134636,0.7414,2024-08-21 21:15:38,5688711.7848,4888.7659,15889.0,0.0008601193,0.002075083,1.0124,1.0128,1.011,1.0125,28659.0
2024-08-21 13:20:00,ARKMUSDT,66c5e9aa156fd08044090b80,Binance,5m,7689745.0,7809705.022,0.7433,2024-08-21 21:20:42,5715787.4585,27075.6737000002,16813.0,0.0047595439,0.0021912093,1.0155,1.0157,1.0136,1.0138,10766.0
2024-08-21 13:25:00,ARKMUSDT,66c5eacb7865dee90f0ea341,Binance,5m,7694293.0,7802013.102,0.7436,2024-08-21 21:25:31,5721476.274800001,5688.816300001,4548.0,0.0009952813,0.000591437,1.0139,1.0145,1.0123,1.0123,18736.0
2024-08-21 13:30:00,ARKMUSDT,66c5ebfc6d602c4022f2a347,Binance,5m,7692024.0,7770988.93381968,0.7448,2024-08-21 21:30:36,5729019.4752,7543.2003999995,-2269.0,0.0013184011,-0.0002948939,1.0095,1.0106,1.0093,1.0106,18015.0
2024-08-21 13:35:00,ARKMUSDT,66c5ed2f872760fff3842a36,Binance,5m,7683270.0,7709393.118,0.747,2024-08-21 21:35:43,5739402.69,10383.2148000002,-8754.0,0.0018123895,-0.001138062,1.0035,1.0064,1.0033,1.0063,37855.0
2024-08-21 13:40:00,ARKMUSDT,66c5ee53956c2c6506ba24dd,Binance,5m,7698747.0,7751006.94149817,0.7459,2024-08-21 21:40:35,5742495.3873,3092.6972999992,15477.0,0.0005388535,0.0020143767,1.0062,1.0071,1.0048,1.0051,12946.0
2024-08-21 13:45:00,ARKMUSDT,66c5ef7d3c950f493078a0b7,Binance,5m,7642983.0,7636868.6136,0.7472,2024-08-21 21:45:33,5710836.8976,-31658.4896999998,-55764.0,-0.0055130196,-0.0072432566,0.9993,0.9993,0.9958,0.9971,42273.0
2024-08-21 13:50:00,ARKMUSDT,66c5f0a455cd5a2e2a86a3eb,Binance,5m,7642492.0,7644146.82879276,0.7506,2024-08-21 21:50:28,5736454.495200001,25617.5976000009,-491.0,0.0044857869,-6.42419e-05,1.0001,1.0008,0.9989,1.0003,34680.0
2024-08-21 13:55:00,ARKMUSDT,66c5f1d53356402175af5fc4,Binance,5m,7649451.0,7668574.6275,0.7464,2024-08-21 21:55:33,5709550.2264,-26904.2688000007,6959.0,-0.0046900518,0.0009105669,1.0025,1.0065,1.0025,1.0059,48510.0
2024-08-21 14:00:00,ARKMUSDT,66c5f2fd59e3fd272d1e213f,Binance,5m,7635066.0,7799517.76292466,0.7471,2024-08-21 22:00:29,5704157.8086,-5392.4177999999,-14385.0,-0.0009444558,-0.0018805271,1.021,1.0239,1.02,1.0206,87639.0
2024-08-21 14:05:00,ARKMUSDT,66c5f433d026c2e610a4a407,Binance,5m,7618776.0,7823696.23719024,0.7454,2024-08-21 22:05:39,5679035.630399999,-25122.1782000009,-16290.0,-0.0044041871,-0.0021335768,1.0265,1.029,1.024,1.029,64270.0
2024-08-21 14:10:00,ARKMUSDT,66c5f5574e6d3f54b06a1072,Binance,5m,7617138.0,7851745.8504,0.739,2024-08-21 22:10:31,5629064.982,-49970.6483999994,-1638.0,-0.0087991433,-0.0002149952,1.0308,1.035,1.0308,1.0329,31673.0
2024-08-21 14:15:00,ARKMUSDT,66c5f68a2db98255885f0b36,Binance,5m,7620494.0,7783572.5716,0.7495,2024-08-21 22:15:38,5711560.2530000005,82495.2710000006,3356.0,0.0146552352,0.0004405854,1.0213,1.0263,1.0206,1.023,85290.0
2024-08-21 14:20:00,ARKMUSDT,66c5f7b5d573cb7f0f95fcdf,Binance,5m,7628428.0,7758111.276,0.7433,2024-08-21 22:20:37,5670210.5324,-41349.7206000006,7934.0,-0.0072396541,0.0010411399,1.0169,1.0195,1.0157,1.0189,35094.0
2024-08-21 14:25:00,ARKMUSDT,66c5f8e059abe413a4023c2a,Binance,5m,7618572.0,7793037.2988,0.7449,2024-08-21 22:25:36,5675074.2828,4863.7504000003,-9856.0,0.0008577725,-0.0012920093,1.0225,1.0233,1.0202,1.0208,19895.0
2024-08-21 14:30:00,ARKMUSDT,66c5fa0e3f36f8af09191097,Binance,5m,7625958.0,7775426.7768,0.7463,2024-08-21 22:30:38,5691252.455399999,16178.1725999992,7386.0,0.002850742,0.000969473,1.0196,1.0201,1.017,1.0189,18786.0
2024-08-21 14:35:00,ARKMUSDT,66c5fb3ff5e0bfc10b740e8d,Binance,5m,7621600.0,7747823.299216,0.7488,2024-08-21 22:35:43,5707054.08,15801.6246000007,-4358.0,0.0027764758,-0.0005714692,1.0166,1.0167,1.0124,1.0129,24717.0
2024-08-21 14:40:00,ARKMUSDT,66c5fc6af2ecdb4699085ee9,Binance,5m,7559129.0,7701240.6252,0.745,2024-08-21 22:40:42,5631551.105,-75502.9750000006,-62471.0,-0.0132297634,-0.0081965729,1.0189,1.0233,1.0181,1.0207,37662.0
2024-08-21 14:45:00,ARKMUSDT,66c5fd8ae511e9a2f1983b36,Binance,5m,7570897.0,7761186.80213886,0.7455,2024-08-21 22:45:30,5644103.713500001,12552.608500001,11768.0,0.0022289789,0.0015567931,1.0244,1.0256,1.0203,1.0203,104785.0
2024-08-21 14:50:00,ARKMUSDT,66c5febc6f542947b29d49ce,Binance,5m,7625712.0,7740097.68,0.7375,2024-08-21 22:50:36,5623962.600000001,-20141.1135,54815.0,-0.0035685229,0.0072402253,1.0145,1.0153,1.0119,1.0145,50153.0
2024-08-21 14:55:00,ARKMUSDT,66c5ffeba549e168a3ca2834,Binance,5m,7618318.0,7691414.08518004,0.7456,2024-08-21 22:55:39,5680217.9008,56255.3007999994,-7394.0,0.0100027871,-0.0009696144,1.0096,1.0099,1.0072,1.0074,46679.0
2024-08-21 15:00:00,ARKMUSDT,66c601162ba97326050c6819,Binance,5m,7619041.0,7701051.06208703,0.7422,2024-08-21 23:00:38,5654852.2302,-25365.6705999998,723.0,-0.0044656158,9.49028e-05,1.0101,1.0105,1.0088,1.0101,16650.0
2024-08-21 15:05:00,ARKMUSDT,66c602445a48bb686e204d22,Binance,5m,7622898.0,7716096.3132378,0.74,2024-08-21 23:05:39,5640944.52,-13907.7102000006,3857.0,-0.0024594295,0.0005062317,1.0112,1.0128,1.0085,1.0087,36148.0
2024-08-21 15:10:00,ARKMUSDT,66c60368b7b9bbce307ff3dc,Binance,5m,7639567.0,7731536.15651651,0.7381,2024-08-21 23:10:32,5638764.4027,-2180.1173,16669.0,-0.0003864809,0.0021867012,1.0116,1.0146,1.0114,1.0136,45650.0
2024-08-21 15:15:00,ARKMUSDT,66c6049bfdf8305c09d14430,Binance,5m,7633586.0,7780848.71363212,0.7406,2024-08-21 23:15:39,5653433.7916,14669.3889000006,-5981.0,0.0026015254,-0.0007828978,1.0192,1.0204,1.0183,1.0186,19405.0
2024-08-21 15:20:00,ARKMUSDT,66c605c5cbea794085d02f86,Binance,5m,7637819.0,7761323.14425552,0.7405,2024-08-21 23:20:37,5655804.969500001,2371.1779000005,4233.0,0.0004194226,0.0005545231,1.0154,1.0155,1.0137,1.0149,9996.0
2024-08-21 15:25:00,ARKMUSDT,66c606e7ca1a4a1339aa719e,Binance,5m,7648353.0,7759254.1185,0.74,2024-08-21 23:25:27,5659781.22,3976.2504999992,10534.0,0.0007030388,0.0013791895,1.0149,1.0158,1.0141,1.0152,17361.0
2024-08-21 15:30:00,ARKMUSDT,66c6081be29bd034ec8bb1ec,Binance,5m,7626144.0,7719035.16212928,0.7474,2024-08-21 23:30:35,5699780.025599999,39998.8055999996,-22209.0,0.0070672,-0.0029037624,1.0121,1.0122,1.01,1.0106,30172.0
2024-08-21 15:35:00,ARKMUSDT,66c60949bad63ebcfb5dffca,Binance,5m,7619258.0,7712696.99906074,0.7477,2024-08-21 23:35:37,5696919.2066,-2860.8189999992,-6886.0,-0.0005019174,-0.0009029465,1.0124,1.0142,1.0124,1.0128,10996.0
2024-08-21 15:40:00,ARKMUSDT,66c60a6bee76296f2acf6afd,Binance,5m,7619666.0,7732736.96685376,0.7457,2024-08-21 23:40:27,5681984.9362,-14934.2703999998,408.0,-0.0026214643,5.35485e-05,1.0147,1.0157,1.0147,1.0157,7303.0
2024-08-21 15:45:00,ARKMUSDT,66c60b9eb5472ccbd3de3e77,Binance,5m,7622764.0,7740154.5656,0.7458,2024-08-21 23:45:34,5685057.3912,3072.4550000001,3098.0,0.0005407362,0.0004065795,1.0153,1.0165,1.0149,1.0162,11251.0
2024-08-21 15:50:00,ARKMUSDT,66c60cc4182c123fd44346eb,Binance,5m,7621912.0,7707164.76254064,0.7463,2024-08-21 23:50:28,5688232.9256,3175.5343999993,-852.0,0.0005585756,-0.0001117705,1.0111,1.0114,1.0105,1.0108,5420.0
2024-08-21 15:55:00,ARKMUSDT,66c60df2e6a393c24cadf75e,Binance,5m,7618761.0,7726928.96879838,0.7441,2024-08-21 23:55:30,5669120.060099999,-19112.8655000003,-3151.0,-0.0033600708,-0.0004134133,1.0139,1.0144,1.0135,1.0143,6141.0
2024-08-21 16:00:00,ARKMUSDT,66c60f2aa617857ac67bacb3,Binance,5m,7617591.0,7708192.49442852,0.7435,2024-08-22 00:00:42,5663678.908500001,-5441.1515999986,-1170.0,-0.0009597877,-0.0001535683,1.0118,1.0121,1.01,1.0113,26406.0
2024-08-21 16:05:00,ARKMUSDT,66c61054b6ff4e9edd06ceff,Binance,5m,7602681.0,7660413.55473651,0.7451,2024-08-22 00:05:40,5664757.6131,1078.7045999989,-14910.0,0.0001904601,-0.0019573117,1.0075,1.0092,1.0072,1.0079,16350.0
2024-08-21 16:10:00,ARKMUSDT,66c6117cef46cc03fb62d3c4,Binance,5m,7605316.0,7670163.8676714,0.7451,2024-08-22 00:10:36,5666720.9516,1963.3385000005,2635.0,0.0003465883,0.0003465883,1.0083,1.0103,1.0075,1.0102,7847.0
2024-08-21 16:15:00,ARKMUSDT,66c6129f361c817d349026c5,Binance,5m,7608853.0,7681897.9888,0.7452,2024-08-22 00:15:27,5670117.2556,3396.3039999995,3537.0,0.000599342,0.0004650694,1.0095,1.0101,1.0071,1.0074,18921.0
2024-08-21 16:20:00,ARKMUSDT,66c613d79739905dd3b91784,Binance,5m,7611305.0,7708729.704,0.743,2024-08-22 00:20:39,5655199.615,-14917.6405999996,2452.0,-0.0026309228,0.0003222562,1.0129,1.0142,1.0124,1.0137,15815.0
2024-08-21 16:25:00,ARKMUSDT,66c6150790eac82b10dcd43e,Binance,5m,7605787.0,7729000.7494,0.7435,2024-08-22 00:25:43,5654902.634500001,-296.9804999996,-5518.0,-5.25146e-05,-0.0007249742,1.0164,1.0167,1.0157,1.0165,17064.0
2024-08-21 16:30:00,ARKMUSDT,66c6162604f10571b7bf407b,Binance,5m,7619094.0,7708237.3998,0.7417,2024-08-22 00:30:30,5651082.0198,-3820.6147000007,13307.0,-0.0006756287,0.0017495888,1.0119,1.0144,1.0112,1.0138,33863.0
2024-08-21 16:35:00,ARKMUSDT,66c6175bd4991cdf7dc658be,Binance,5m,7620728.0,7740373.4296,0.7451,2024-08-22 00:35:39,5678204.4328,27122.4129999997,1634.0,0.0047995079,0.0002144612,1.0158,1.016,1.0125,1.0125,22915.0
2024-08-21 16:40:00,ARKMUSDT,66c6187a492d5ebe22e7a018,Binance,5m,7630564.0,7733258.26686992,0.7443,2024-08-22 00:40:26,5679428.7852,1224.3524000002,9836.0,0.0002156232,0.0012906903,1.0128,1.0137,1.0124,1.0137,13969.0
2024-08-21 16:45:00,ARKMUSDT,66c619aaa9848de6582948cb,Binance,5m,7633034.0,7757793.2691681,0.744,2024-08-22 00:45:30,5678977.296,-451.4891999997,2470.0,-7.94955e-05,0.0003236982,1.0161,1.0167,1.0148,1.0159,15780.0
2024-08-21 16:50:00,ARKMUSDT,66c61ade541b4a119c81ea3b,Binance,5m,7709503.0,7845190.2528,0.7349,2024-08-22 00:50:38,5665713.7547,-13263.5412999997,76469.0,-0.002335551,0.0100181658,1.0174,1.0212,1.0154,1.0208,77111.0
2024-08-21 16:55:00,ARKMUSDT,66c61c107a08d05ca69c2694,Binance,5m,7712146.0,7857929.62129552,0.7364,2024-08-22 00:55:44,5679224.3144000005,13510.5597000001,2643.0,0.0023846174,0.0003428237,1.0189,1.0215,1.0184,1.0215,19739.0
2024-08-21 17:00:00,ARKMUSDT,66c61d2e975ea776864b6daa,Binance,5m,7693836.0,7838480.1168,0.7455,2024-08-22 01:00:30,5735754.738000001,56530.4236000003,-18310.0,0.0099538987,-0.002374177,1.0188,1.0188,1.0169,1.0173,18490.0
2024-08-21 17:05:00,ARKMUSDT,66c61e5c745e43fbb8642d1b,Binance,5m,7693606.0,7826705.3838,0.7427,2024-08-22 01:05:32,5714041.176200001,-21713.5618000003,-230.0,-0.0037856503,-2.98941e-05,1.0171,1.0174,1.0157,1.0157,13285.0
2024-08-21 17:10:00,ARKMUSDT,66c61f855d49a3228a4843d8,Binance,5m,7715243.0,7830971.645,0.742,2024-08-22 01:10:29,5724710.306,10669.1297999993,21637.0,0.0018671776,0.0028123353,1.015,1.0171,1.0147,1.0161,30030.0
2024-08-21 17:15:00,ARKMUSDT,66c620c02ffbd544df5ddc04,Binance,5m,7733787.0,7893876.3909,0.7387,2024-08-22 01:15:44,5712948.456900001,-11761.8490999993,18544.0,-0.0020545754,0.0024035536,1.0209,1.0216,1.0192,1.0192,23593.0
2024-08-21 17:20:00,ARKMUSDT,66c621e9e5d10d486051145a,Binance,5m,7735931.0,7911594.49846388,0.741,2024-08-22 01:20:41,5732324.871,19376.4140999997,2144.0,0.0033916662,0.0002772251,1.0225,1.0239,1.0223,1.0239,18063.0
2024-08-21 17:25:00,ARKMUSDT,66c6230cffeab887e21681b3,Binance,5m,7744391.0,7937293.78954561,0.7434,2024-08-22 01:25:32,5757180.2694,24855.3983999994,8460.0,0.0043360066,0.0010935982,1.0248,1.0252,1.0228,1.0239,17262.0
2024-08-21 17:30:00,ARKMUSDT,66c62433ada8b74558f1b0ad,Binance,5m,7746749.0,7954229.71366206,0.7451,2024-08-22 01:30:27,5772102.6799,14922.4105000002,2358.0,0.0025919651,0.0003044784,1.0264,1.0278,1.0245,1.0273,42339.0
2024-08-21 17:35:00,ARKMUSDT,66c6256c27b05f725499ee84,Binance,5m,7735836.0,7937741.3196,0.7482,2024-08-22 01:35:40,5787952.4952,15849.8152999999,-10913.0,0.0027459344,-0.00140872,1.026,1.026,1.0253,1.0256,28517.0
2024-08-21 17:40:00,ARKMUSDT,66c6269aef1278ca21f109d3,Binance,5m,7723118.0,7896888.155,0.7496,2024-08-22 01:40:42,5789249.2528,1296.7576000001,-12718.0,0.0002240443,-0.0016440369,1.0222,1.024,1.0222,1.0234,25872.0
2024-08-21 17:45:00,ARKMUSDT,66c627c1c0ad0e4434082196,Binance,5m,7724092.0,7911787.4356,0.747,2024-08-22 01:45:37,5769896.724,-19352.5287999995,974.0,-0.0033428391,0.0001261149,1.0242,1.0257,1.024,1.0247,14489.0
2024-08-21 17:50:00,ARKMUSDT,66c628ea17da308b13a48e70,Binance,5m,7715416.0,7924760.6969528,0.7482,2024-08-22 01:50:34,5772674.2512,2777.5271999994,-8676.0,0.0004813825,-0.0011232388,1.027,1.0281,1.027,1.0277,11138.0
2024-08-21 17:55:00,ARKMUSDT,66c62a12e560085b06b656e3,Binance,5m,7723675.0,7922173.4475,0.7479,2024-08-22 01:55:30,5776536.5325,3862.2812999999,8259.0,0.0006690627,0.0010704543,1.0258,1.0275,1.0258,1.027,10963.0
2024-08-21 18:00:00,ARKMUSDT,66c62b40904afe70cc191908,Binance,5m,7727522.0,7922494.7212059,0.7492,2024-08-22 02:00:32,5789459.4824,12922.9499000004,3847.0,0.002237145,0.000498079,1.0253,1.0279,1.0243,1.0279,27788.0
2024-08-21 18:05:00,ARKMUSDT,66c62c7326fc057ab5ae10b0,Binance,5m,7739810.0,7943367.003,0.7435,2024-08-22 02:05:39,5754548.735,-34910.7473999998,12288.0,-0.006030053,0.0015901605,1.0265,1.0269,1.0245,1.0254,16406.0
2024-08-21 18:10:00,ARKMUSDT,66c62da139823e3859136c05,Binance,5m,7736799.0,7968902.97,0.746,2024-08-22 02:10:41,5771652.054,17103.3189999992,-3011.0,0.002972139,-0.0003890276,1.0301,1.0319,1.0296,1.03,15895.0
2024-08-21 18:15:00,ARKMUSDT,66c62ec255c9ab744a2d1287,Binance,5m,7728761.0,7953210.4024488,0.7449,2024-08-22 02:15:30,5757154.0689,-14497.9850999992,-8038.0,-0.0025119299,-0.001038931,1.0288,1.0312,1.0288,1.0299,29771.0
2024-08-21 18:20:00,ARKMUSDT,66c62feeda378b09038ee933,Binance,5m,7729526.0,8001519.5174614,0.7455,2024-08-22 02:20:30,5762361.633,5207.5641000001,765.0,0.0009045379,9.89809e-05,1.0349,1.0373,1.0349,1.0364,43759.0
2024-08-21 18:25:00,ARKMUSDT,66c631221dfc4553ea3d115b,Binance,5m,7735824.0,8038097.91903744,0.7482,2024-08-22 02:25:38,5787943.516799999,25581.883799999,6298.0,0.0044394791,0.0008147977,1.0386,1.0405,1.0385,1.0394,29541.0
2024-08-21 18:30:00,ARKMUSDT,66c6324632b2bdd8457f6171,Binance,5m,7737131.0,8067405.36939783,0.75,2024-08-22 02:30:30,5802848.25,14904.7332000006,1307.0,0.0025751345,0.0001689542,1.0425,1.044,1.0421,1.0429,22527.0
2024-08-21 18:35:00,ARKMUSDT,66c6337558f899a12b058c79,Binance,5m,7746141.0,8099281.52620002,0.7463,2024-08-22 02:35:33,5780945.028299999,-21903.2217000006,9010.0,-0.0037745639,0.0011645143,1.0461,1.0486,1.0461,1.0473,56203.0
2024-08-21 18:40:00,ARKMUSDT,66c634a7bae6b3bc57171493,Binance,5m,7735736.0,8069919.7952,0.7476,2024-08-22 02:40:39,5783236.2336,2291.2053000005,-10405.0,0.0003963375,-0.0013432495,1.0428,1.0467,1.0428,1.0463,57436.0
2024-08-21 18:45:00,ARKMUSDT,66c635d4b40b29cae5cedea8,Binance,5m,7719616.0,8045319.49079872,0.7463,2024-08-22 02:45:40,5761149.4208,-22086.8128000004,-16120.0,-0.0038191096,-0.0020838353,1.0425,1.0441,1.0419,1.0441,38056.0
2024-08-21 18:50:00,ARKMUSDT,66c636f4deba7e041514083a,Binance,5m,7713541.0,8060650.345,0.7417,2024-08-22 02:50:28,5721133.3597,-40016.0610999996,-6075.0,-0.0069458468,-0.0007869562,1.0453,1.0485,1.0453,1.047,23290.0
2024-08-21 18:55:00,ARKMUSDT,66c6382156fc0ee41cff3707,Binance,5m,7709239.0,8087538.21895271,0.7411,2024-08-22 02:55:29,5713317.0229,-7816.3367999997,-4302.0,-0.0013662217,-0.0005577205,1.0489,1.0503,1.0489,1.0495,34288.0
2024-08-21 19:00:00,ARKMUSDT,66c63957035a49e5d512bc99,Binance,5m,7719349.0,8098302.41791813,0.7394,2024-08-22 03:00:39,5707686.650599999,-5630.3723000009,10110.0,-0.0009854822,0.0013114135,1.0489,1.052,1.0487,1.0503,34241.0
2024-08-21 19:05:00,ARKMUSDT,66c63a7a627238d457d61edc,Binance,5m,7776580.0,8170074.948,0.7395,2024-08-22 03:05:30,5750780.91,43094.2594000008,57231.0,0.0075502147,0.0074139672,1.0505,1.0542,1.0502,1.0528,18742.0
2024-08-21 19:10:00,ARKMUSDT,66c63ba7aa7fc829c8bae484,Binance,5m,7766977.0,8188659.61820021,0.7395,2024-08-22 03:10:31,5743679.4915000005,-7101.4184999997,-9603.0,-0.0012348616,-0.0012348616,1.0538,1.0554,1.0536,1.0551,38030.0
2024-08-21 19:15:00,ARKMUSDT,66c63cd8dfdd9804b381893c,Binance,5m,7749769.0,8192280.8099,0.7378,2024-08-22 03:15:36,5717779.5682,-25899.9233000008,-17208.0,-0.0045092912,-0.0022155338,1.0568,1.0574,1.0551,1.0553,28408.0
2024-08-21 19:20:00,ARKMUSDT,66c63e06f65b259a1eb9d2c8,Binance,5m,7732600.0,8109177.62,0.7358,2024-08-22 03:20:38,5689647.08,-28132.4881999996,-17169.0,-0.0049201771,-0.0022154209,1.0491,1.0496,1.0459,1.0471,59327.0
2024-08-21 19:25:00,ARKMUSDT,66c63f3321123c0d37013097,Binance,5m,7695048.0,8078261.3904,0.7387,2024-08-22 03:25:39,5684331.9576,-5315.1223999998,-37552.0,-0.0009341744,-0.0048563226,1.0499,1.0522,1.0499,1.0517,14588.0
2024-08-21 19:30:00,ARKMUSDT,66c6405818a19cfd4ecf26bc,Binance,5m,7696798.0,8110116.0526,0.7371,2024-08-22 03:30:32,5673309.8058,-11022.1518000001,1750.0,-0.0019390408,0.000227419,1.0534,1.0547,1.0521,1.0527,25075.0
2024-08-21 19:35:00,ARKMUSDT,66c6418ba150a57159e236fd,Binance,5m,7709532.0,8143457.30356632,0.7345,2024-08-22 03:35:39,5662651.254000001,-10658.5517999995,12734.0,-0.0018787184,0.0016544542,1.0553,1.0587,1.0553,1.057,14100.0
2024-08-21 19:40:00,ARKMUSDT,66c642ad6c5fff2684f9fa03,Binance,5m,7727194.0,8184478.75466422,0.7318,2024-08-22 03:40:29,5654760.5692,-7890.6848000009,17662.0,-0.0013934612,0.0022909302,1.0592,1.0599,1.0569,1.0583,13714.0
2024-08-21 19:45:00,ARKMUSDT,66c643db05be359b946b124d,Binance,5m,7712562.0,8138785.01583576,0.7308,2024-08-22 03:45:31,5636340.3096,-18420.2595999995,-14632.0,-0.0032574783,-0.0018935722,1.055,1.0557,1.0541,1.0544,19103.0
2024-08-21 19:50:00,ARKMUSDT,66c6450937e402f8247e23cd,Binance,5m,7716881.0,8161268.01017435,0.7343,2024-08-22 03:50:33,5666505.7183,30165.4086999996,4319.0,0.0053519495,0.0005599955,1.0568,1.0572,1.0548,1.0552,8208.0
2024-08-21 19:55:00,ARKMUSDT,66c64639da0c4aa6911ea371,Binance,5m,7717104.0,8169982.24824,0.7349,2024-08-22 03:55:37,5671299.7296,4794.0113000004,223.0,0.000846026,2.88977e-05,1.0583,1.0607,1.0583,1.0603,20203.0
2024-08-21 20:00:00,ARKMUSDT,66c6476935ab1d5eb4d72fa9,Binance,5m,7736437.0,8205265.0822,0.7327,2024-08-22 04:00:41,5668487.3899,-2812.3397000004,19333.0,-0.0004958898,0.0025052144,1.0606,1.0647,1.0606,1.0626,39950.0
2024-08-21 20:05:00,ARKMUSDT,66c648971bb10b33225f69ac,Binance,5m,7747493.0,8298355.16981107,0.7344,2024-08-22 04:05:43,5689758.859200001,21271.4693000009,11056.0,0.003752583,0.0014290816,1.0713,1.0736,1.0705,1.071,67495.0
2024-08-21 20:10:00,ARKMUSDT,66c649be809bc43667e15d15,Binance,5m,7755416.0,8276579.9552,0.7326,2024-08-22 04:10:38,5681617.7616,-8141.0976000009,7923.0,-0.0014308335,0.0010226534,1.0668,1.0693,1.0666,1.0693,13266.0
2024-08-21 20:15:00,ARKMUSDT,66c64ae9d02aed56266b2628,Binance,5m,7762438.0,8294941.2468,0.7328,2024-08-22 04:15:37,5688314.5664,6696.8048,7022.0,0.0011786792,0.0009054318,1.0686,1.0704,1.0657,1.0659,36984.0
2024-08-21 20:20:00,ARKMUSDT,66c64c19e1a88f7ec92e95ed,Binance,5m,7789487.0,8308266.8342,0.7341,2024-08-22 04:20:41,5718262.4067,29947.8403000003,27049.0,0.0052648003,0.0034846011,1.0664,1.0669,1.0658,1.0664,15775.0
2024-08-21 20:25:00,ARKMUSDT,66c64d3ddf16b12ac20edee9,Binance,5m,7784643.0,8283638.6163,0.7337,2024-08-22 04:25:33,5711592.5691,-6669.8376000002,-4844.0,-0.0011664099,-0.0006218638,1.0643,1.0646,1.0639,1.0645,17871.0
2024-08-21 20:30:00,ARKMUSDT,66c64e64e0fd31fceb853c85,Binance,5m,7782774.0,8287562.46463554,0.73,2024-08-22 04:30:28,5681425.02,-30167.5491000004,-1869.0,-0.0052818104,-0.0002400881,1.0644,1.0654,1.064,1.0651,14530.0
2024-08-21 20:35:00,ARKMUSDT,66c64f99c6e2024d51fe4957,Binance,5m,7770685.0,8288212.621,0.7288,2024-08-22 04:35:37,5663275.228,-18149.7919999994,-12089.0,-0.0031945844,-0.0015533022,1.0667,1.0679,1.0661,1.0666,7815.0
2024-08-21 20:40:00,ARKMUSDT,66c650c0ce6938c35eb2bbc7,Binance,5m,7801831.0,8317532.0291,0.7289,2024-08-22 04:40:32,5686754.6159,23479.3878999995,31146.0,0.0041459027,0.0040081409,1.0665,1.0669,1.0643,1.0643,10540.0
2024-08-21 20:45:00,ARKMUSDT,66c651ed8d1f675ce4d0ac97,Binance,5m,7784872.0,8271426.5,0.7296,2024-08-22 04:45:33,5679842.6112,-6912.0046999995,-16959.0,-0.0012154568,-0.0021737205,1.0625,1.0632,1.0601,1.0603,15723.0
2024-08-21 20:50:00,ARKMUSDT,66c6532369da07ff2dec2016,Binance,5m,7763544.0,8229181.72735368,0.7278,2024-08-22 04:50:43,5650307.3232,-29535.2879999997,-21328.0,-0.0052000187,-0.0027396725,1.0599,1.06,1.0572,1.0591,59533.0
2024-08-21 20:55:00,ARKMUSDT,66c654406bfc9c4a06353c71,Binance,5m,7768186.0,8211563.60559088,0.7277,2024-08-22 04:55:28,5652908.9522,2601.6289999997,4642.0,0.0004604403,0.0005979228,1.0571,1.0578,1.0561,1.0576,11148.0
2024-08-21 21:00:00,ARKMUSDT,66c655746561c0ea2e38d9a3,Binance,5m,7778097.0,8267755.50727047,0.7264,2024-08-22 05:00:36,5650009.660800001,-2899.2913999995,9911.0,-0.0005128849,0.0012758448,1.0623,1.0638,1.0616,1.0625,75528.0
2024-08-21 21:05:00,ARKMUSDT,66c656a1ce7676741c03893c,Binance,5m,7776007.0,8257241.44504963,0.7257,2024-08-22 05:05:37,5643048.2799,-6961.3809000002,-2090.0,-0.0012321007,-0.0002687033,1.0612,1.062,1.0602,1.061,19042.0
2024-08-21 21:10:00,ARKMUSDT,66c657cad5a3767a6c2968ae,Binance,5m,7760560.0,8222234.550316,0.7286,2024-08-22 05:10:34,5654344.016,11295.7360999994,-15447.0,0.0020017082,-0.0019864951,1.0595,1.0601,1.0592,1.0598,10857.0
2024-08-21 21:15:00,ARKMUSDT,66c658fa48ea15f1a82962a8,Binance,5m,7776241.0,8236593.06747662,0.7294,2024-08-22 05:15:38,5671990.185400001,17646.1694000009,15681.0,0.0031208164,0.0020206016,1.0591,1.0594,1.0586,1.0594,5174.0
2024-08-21 21:20:00,ARKMUSDT,66c65a25b1a55fb483177c38,Binance,5m,7790901.0,8250564.159,0.731,2024-08-22 05:20:37,5695148.631,23158.4455999993,14660.0,0.0040829488,0.0018852296,1.0592,1.0622,1.0589,1.0616,46372.0
2024-08-21 21:25:00,ARKMUSDT,66c65b565afb002ec5422084,Binance,5m,7795959.0,8287896.4864344,0.7302,2024-08-22 05:25:42,5692609.2618,-2539.3692000005,5058.0,-0.0004458829,0.0006492189,1.0628,1.0633,1.0621,1.0632,10507.0
2024-08-21 21:30:00,ARKMUSDT,66c65c73043703e81f298640,Binance,5m,7797370.0,8304199.05,0.7285,2024-08-22 05:30:27,5680384.045,-12225.2167999996,1411.0,-0.0021475594,0.0001809912,1.0649,1.0671,1.0648,1.0669,5081.0
2024-08-21 21:35:00,ARKMUSDT,66c65e1d3df2d31a9df84107,Binance,5m,7805180.0,8321133.3845646,0.7297,2024-08-22 05:37:33,5695439.846,15055.801,7810.0,0.00265049,0.0010016198,1.0665,1.0666,1.0651,1.0653,14151.0
2024-08-21 21:40:00,ARKMUSDT,66c65ed1d8a44bad9a59eeba,Binance,5m,7811170.0,8307407.5373874,0.731,2024-08-22 05:40:33,5709965.27,14525.4239999996,5990.0,0.0025503604,0.0007674391,1.0628,1.063,1.0612,1.062,20143.0
2024-08-21 21:45:00,ARKMUSDT,66c65ff78b817f3d5142630c,Binance,5m,7821058.0,8290321.48,0.7316,2024-08-22 05:45:27,5721886.0328,11920.7628000006,9888.0,0.002087712,0.0012658795,1.0599,1.0606,1.0599,1.0605,6284.0
2024-08-21 21:50:00,ARKMUSDT,66c661307e08336d80fd0a5e,Binance,5m,7831069.0,8307296.35342664,0.7281,2024-08-22 05:50:40,5701801.3389,-20084.6939000003,10011.0,-0.0035101527,0.0012800059,1.0605,1.0606,1.0604,1.0604,3752.0
2024-08-21 21:55:00,ARKMUSDT,66c66257a2d21b26bbc70b09,Binance,5m,7830384.0,8320583.57846016,0.7274,2024-08-22 05:55:35,5695821.3216,-5980.0172999995,-685.0,-0.0010487944,-8.74721e-05,1.0625,1.065,1.0621,1.0621,31364.0
2024-08-21 22:00:00,ARKMUSDT,66c663814fdbdea06e8215ba,Binance,5m,7830841.0,8308409.30196437,0.7265,2024-08-22 06:00:33,5689105.986500001,-6715.3350999998,457.0,-0.0011789933,5.83624e-05,1.061,1.0624,1.061,1.0615,16436.0
2024-08-21 22:05:00,ARKMUSDT,66c664af8c166d0b0f385f20,Binance,5m,7828352.0,8301184.4608,0.7291,2024-08-22 06:05:35,5707651.4432,18545.456699999,-2489.0,0.0032598192,-0.0003178458,1.0602,1.0626,1.06,1.0606,19621.0
2024-08-21 22:10:00,ARKMUSDT,66c665d444f4de98a235aeba,Binance,5m,7830564.0,8315672.68627788,0.7294,2024-08-22 06:10:28,5711613.3816,3961.9384000003,2212.0,0.0006941451,0.0002825627,1.0624,1.0625,1.06,1.0607,15627.0
2024-08-21 22:15:00,ARKMUSDT,66c66708fe5ab1c342a35b1a,Binance,5m,7831434.0,8310624.5667354,0.7267,2024-08-22 06:15:36,5691103.0878,-20510.2938000001,870.0,-0.0035909808,0.0001111031,1.0602,1.0604,1.0594,1.0595,6440.0
2024-08-21 22:20:00,ARKMUSDT,66c6682bccc9148745e856ab,Binance,5m,7879150.0,8340752.839244,0.7269,2024-08-22 06:20:27,5727354.135,36251.0471999999,47716.0,0.0063697752,0.0060928816,1.0585,1.0598,1.0585,1.0588,11507.0
2024-08-21 22:25:00,ARKMUSDT,66c6695aafebd1cf47f7e1a6,Binance,5m,7866859.0,8324832.60212604,0.7273,2024-08-22 06:25:30,5721566.5507,-5787.5843000002,-12291.0,-0.0010105162,-0.0015599398,1.0577,1.0582,1.0576,1.058,2900.0
2024-08-21 22:30:00,ARKMUSDT,66c66a833edec628fd44715d,Binance,5m,7849624.0,8321823.39096808,0.7264,2024-08-22 06:30:27,5701966.8736000005,-19599.677099999,-17235.0,-0.0034255788,-0.0021908363,1.0599,1.061,1.0596,1.0602,15435.0
2024-08-21 22:35:00,ARKMUSDT,66c66bb7e20e8286e6bcf179,Binance,5m,7844174.0,8325588.2155628,0.7243,2024-08-22 06:35:35,5681535.228200001,-20431.6453999998,-5450.0,-0.0035832627,-0.0006943008,1.0614,1.0627,1.0614,1.0621,5899.0
2024-08-21 22:40:00,ARKMUSDT,66c66ce6e67e235d3998dd36,Binance,5m,7842814.0,8320160.9919995,0.7221,2024-08-22 06:40:38,5663295.989399999,-18239.2388000013,-1360.0,-0.0032102659,-0.0001733771,1.0602,1.0613,1.0596,1.0608,9143.0
2024-08-21 22:45:00,ARKMUSDT,66c66e17e5ddfc5263578e13,Binance,5m,7841149.0,8315538.5145,0.7233,2024-08-22 06:45:43,5671503.0717,8207.0823000008,-1665.0,0.0014491706,-0.0002122962,1.0603,1.0613,1.0598,1.0608,6284.0
2024-08-21 22:50:00,ARKMUSDT,66c66f34007eaead9f784749,Binance,5m,7845828.0,8344895.54854212,0.7229,2024-08-22 06:50:28,5671749.0612,245.9895000001,4679.0,4.33729e-05,0.0005967238,1.0631,1.0642,1.0623,1.0634,12990.0
2024-08-21 22:55:00,ARKMUSDT,66c6706568a12d1920070092,Binance,5m,7846805.0,8337919.02657485,0.7225,2024-08-22 06:55:33,5669316.6125,-2432.4487000005,977.0,-0.000428871,0.0001245248,1.0622,1.0637,1.0621,1.0635,7942.0
2024-08-21 23:00:00,ARKMUSDT,66c671986415d8517b4c815c,Binance,5m,7826349.0,8305524.18297561,0.7315,2024-08-22 07:00:40,5724974.293500001,55657.6810000008,-20456.0,0.0098173527,-0.0026069209,1.0609,1.0626,1.0609,1.0626,9237.0
2024-08-21 23:05:00,ARKMUSDT,66c672c349cb7a70448c3e2f,Binance,5m,7832651.0,8293682.56104322,0.7307,2024-08-22 07:05:39,5723318.0857,-1656.2078000009,6302.0,-0.0002892952,0.0008052286,1.0589,1.0603,1.0586,1.0591,14754.0
2024-08-21 23:10:00,ARKMUSDT,66c673e5c705387ff27b46f4,Binance,5m,7832662.0,8310044.42047092,0.7324,2024-08-22 07:10:29,5736641.648800001,13323.5631000008,11.0,0.0023279438,1.4044e-06,1.0612,1.0619,1.0608,1.0611,13147.0
2024-08-21 23:15:00,ARKMUSDT,66c67513aa26c865d626e179,Binance,5m,7822046.0,8300755.2152,0.7306,2024-08-22 07:15:31,5714786.8076,-21854.8412000006,-10616.0,-0.0038096926,-0.0013553502,1.061,1.0634,1.061,1.0622,16719.0
2024-08-21 23:20:00,ARKMUSDT,66c6764b9fcdae62bd6d2b34,Binance,5m,7823218.0,8293512.15824924,0.7299,2024-08-22 07:20:43,5710166.8182,-4619.9894000003,1172.0,-0.0008084273,0.0001498329,1.0601,1.061,1.0601,1.0606,5720.0
2024-08-21 23:25:00,ARKMUSDT,66c67765d673f0ea6fb797f6,Binance,5m,7824717.0,8284810.3596,0.7294,2024-08-22 07:25:25,5707348.5798,-2818.2383999992,1499.0,-0.0004935475,0.0001916091,1.0588,1.0598,1.0588,1.0594,4838.0
2024-08-21 23:30:00,ARKMUSDT,66c6789773bc8f17ebe15f7e,Binance,5m,7832538.0,8289958.2192,0.7289,2024-08-22 07:30:31,5709136.9482,1788.3683999991,7821.0,0.0003133449,0.000999525,1.0581,1.0587,1.0578,1.0584,7764.0
2024-08-21 23:35:00,ARKMUSDT,66c679c111b166a7e30ffecd,Binance,5m,7786574.0,8207827.6534,0.7345,2024-08-22 07:35:29,5719238.603,10101.6548000006,-45964.0,0.0017693839,-0.0058683405,1.0543,1.0547,1.0522,1.0547,26517.0
2024-08-21 23:40:00,ARKMUSDT,66c67af7dd6736a5b6f6967f,Binance,5m,7785714.0,8209345.05373962,0.7338,2024-08-22 07:40:39,5713156.9332,-6081.6698000003,-860.0,-0.0010633705,-0.0001104465,1.0547,1.056,1.0544,1.0544,8673.0
2024-08-21 23:45:00,ARKMUSDT,66c67c1bf1dfd54907139ada,Binance,5m,7793556.0,8225326.71802044,0.7342,2024-08-22 07:45:31,5722028.8152,8871.8820000002,7842.0,0.0015528861,0.0010072294,1.0555,1.0561,1.0543,1.0544,8936.0
2024-08-21 23:50:00,ARKMUSDT,66c67d4e8193fdf00f0f4a4d,Binance,5m,7795913.0,8232102.59601778,0.733,2024-08-22 07:50:38,5714404.229,-7624.5861999998,2357.0,-0.001332497,0.0003024293,1.056,1.0572,1.0552,1.0564,7820.0
2024-08-21 23:55:00,ARKMUSDT,66c67e7674b6275012d233b9,Binance,5m,7793731.0,8231701.03847927,0.7337,2024-08-22 07:55:34,5718260.4347,3856.2056999998,-2182.0,0.000674822,-0.0002798902,1.0559,1.0562,1.0547,1.0552,11608.0
2024-08-22 00:00:00,ARKMUSDT,66c67fa6d0d183808d691b12,Binance,5m,7786531.0,8216347.5112,0.7354,2024-08-22 08:00:38,5726214.8974,7954.4627,-7200.0,0.0013910634,-0.0009238194,1.0554,1.0576,1.0554,1.0568,43933.0
2024-08-22 00:05:00,ARKMUSDT,66c680cc9feb80ec6ad6ce46,Binance,5m,7794760.0,8240620.272,0.7309,2024-08-22 08:05:32,5697190.084,-29024.8134000003,8229.0,-0.0050687608,0.0010568249,1.0572,1.0583,1.0567,1.0576,9200.0
2024-08-22 00:10:00,ARKMUSDT,66c681f4e1762ce74c8fafad,Binance,5m,7800126.0,8234593.0182,0.7338,2024-08-22 08:10:28,5723732.4588,26542.3748000003,5366.0,0.0046588536,0.0006884112,1.0559,1.0566,1.0552,1.0557,10586.0
2024-08-22 00:15:00,ARKMUSDT,66c683227d43d9564231e204,Binance,5m,7797332.0,8240220.4576,0.7345,2024-08-22 08:15:30,5727140.354,3407.8952000001,-2794.0,0.0005953974,-0.0003581993,1.0569,1.0586,1.0569,1.0575,5621.0
2024-08-22 00:20:00,ARKMUSDT,66c6844d32018bdf820787b2,Binance,5m,7799497.0,8242508.4296,0.7347,2024-08-22 08:20:29,5730290.4459,3150.0918999994,2165.0,0.0005500288,0.0002776591,1.0566,1.0571,1.0557,1.0558,13766.0
2024-08-22 00:25:00,ARKMUSDT,66c6858494c78a0b5551ea23,Binance,5m,7798248.0,8226861.62315688,0.737,2024-08-22 08:25:40,5747308.776,17018.3300999999,-1249.0,0.0029698896,-0.0001601385,1.0545,1.0558,1.0539,1.054,12286.0
2024-08-22 00:30:00,ARKMUSDT,66c686a79975be87296ee1ba,Binance,5m,7799762.0,8225629.0052,0.737,2024-08-22 08:30:31,5748424.594,1115.818,1514.0,0.0001941462,0.0001941462,1.0548,1.0555,1.0539,1.0545,7495.0
2024-08-22 00:35:00,ARKMUSDT,66c687dad61a80885a4fbe6b,Binance,5m,7799470.0,8232930.6149055,0.7349,2024-08-22 08:35:38,5731830.503,-16594.091,-292.0,-0.0028867198,-3.7437e-05,1.0555,1.056,1.0547,1.0559,3647.0
2024-08-22 00:40:00,ARKMUSDT,66c689012d0699d0faab5559,Binance,5m,7800489.0,8231856.0417,0.7324,2024-08-22 08:40:33,5713078.1436,-18752.3593999995,1019.0,-0.0032716179,0.0001306499,1.0553,1.0559,1.0552,1.0553,4510.0
2024-08-22 00:45:00,ARKMUSDT,66c68a2808158868d309f7eb,Binance,5m,7803074.0,8222879.3812,0.7325,2024-08-22 08:45:28,5715751.705,2673.5614,2585.0,0.0004679721,0.0003313895,1.0538,1.0543,1.0528,1.0528,7563.0
2024-08-22 00:50:00,ARKMUSDT,66c68b5bb6c47692ef269535,Binance,5m,7780799.0,8172882.40952885,0.7379,2024-08-22 08:50:35,5741451.5821,25699.8771000002,-22275.0,0.004496325,-0.0028546442,1.0498,1.0508,1.0493,1.05,27544.0
2024-08-22 00:55:00,ARKMUSDT,66c68c8adc2549350d9b7a7a,Binance,5m,7792578.0,8157351.38150808,0.7427,2024-08-22 08:55:38,5787547.680600001,46096.0985000003,11779.0,0.0080286488,0.0015138548,1.0469,1.0487,1.0467,1.0482,24735.0
2024-08-22 01:00:00,ARKMUSDT,66c68dbbf117bb2212405534,Binance,5m,7812915.0,8173337.7383889,0.7419,2024-08-22 09:00:43,5796401.6385,8853.9578999998,20337.0,0.0015298289,0.002609791,1.0461,1.0464,1.0445,1.045,20438.0
2024-08-22 01:05:00,ARKMUSDT,66c68ed71ad8da08a2cc9b3c,Binance,5m,7819826.0,8165938.61480166,0.7412,2024-08-22 09:05:27,5796055.0312,-346.6073000003,6911.0,-5.9797e-05,0.000884561,1.0442,1.0442,1.0428,1.0428,11050.0
2024-08-22 01:10:00,ARKMUSDT,66c69011468a4ca05f2d8bc6,Binance,5m,7818408.0,8190592.3670688,0.7387,2024-08-22 09:10:41,5775457.9896,-20597.0416000001,-1418.0,-0.0035536311,-0.000181334,1.0476,1.0484,1.0465,1.048,16220.0
2024-08-22 01:15:00,ARKMUSDT,66c6913a636469482789d405,Binance,5m,7814023.0,8195385.6111127,0.7409,2024-08-22 09:15:38,5789409.6407,13951.6511000004,-4385.0,0.0024156787,-0.0005608559,1.0489,1.0493,1.0481,1.0485,11124.0
2024-08-22 01:20:00,ARKMUSDT,66c69267bf43d0f9cf6ef2b7,Binance,5m,7828204.0,8222714.24706604,0.7388,2024-08-22 09:20:39,5783477.1152,-5932.5255000005,14181.0,-0.0010247203,0.0018148142,1.0505,1.0505,1.0492,1.0496,14457.0
2024-08-22 01:25:00,ARKMUSDT,66c69388107b20f2db661c81,Binance,5m,7828179.0,8216456.6784,0.7405,2024-08-22 09:25:28,5796766.549500001,13289.4343000008,-25.0,0.0022978278,-3.1936e-06,1.0498,1.0498,1.0492,1.0493,2362.0
2024-08-22 01:30:00,ARKMUSDT,66c694c26bb78464e39e4012,Binance,5m,7833244.0,8224122.8756,0.74,2024-08-22 09:30:42,5796600.56,-165.9895000011,5065.0,-2.86348e-05,0.0006470215,1.0498,1.0502,1.0494,1.0496,4141.0
2024-08-22 01:35:00,ARKMUSDT,66c695e9e9858a1eb6a4a929,Binance,5m,7836022.0,8227430.20185692,0.7387,2024-08-22 09:35:37,5788469.451400001,-8131.108599999,2778.0,-0.0014027374,0.0003546423,1.0498,1.0507,1.0496,1.0499,6928.0
2024-08-22 01:40:00,ARKMUSDT,66c69719aa2c924cff917fd8,Binance,5m,7837016.0,8222598.67623304,0.7393,2024-08-22 09:40:41,5793905.9288,5436.4773999993,994.0,0.0009391908,0.0001268501,1.049,1.0499,1.0489,1.0495,5979.0
2024-08-22 01:45:00,ARKMUSDT,66c698433da79631d1046b00,Binance,5m,7837764.0,8225765.0609442,0.7389,2024-08-22 09:45:39,5791323.8196,-2582.1091999998,748.0,-0.0004456595,9.54445e-05,1.0488,1.0497,1.0487,1.0491,8756.0
2024-08-22 01:50:00,ARKMUSDT,66c69966e6fe1114c4443767,Binance,5m,7842229.0,8217087.5462,0.7418,2024-08-22 09:50:30,5817365.4722,26041.6525999997,4465.0,0.0044966666,0.0005696778,1.0477,1.049,1.0477,1.0485,3079.0
2024-08-22 01:55:00,ARKMUSDT,66c69a9dace03611023c73ae,Binance,5m,7841726.0,8224402.2288,0.7408,2024-08-22 09:55:41,5809150.6208,-8214.8514,-503.0,-0.0014121257,-6.41399e-05,1.0489,1.049,1.0481,1.0487,2643.0
2024-08-22 02:00:00,ARKMUSDT,66c69bc25610672bef7611fc,Binance,5m,7842470.0,8247829.0797696,0.7397,2024-08-22 10:00:34,5801075.059,-8075.5617999993,744.0,-0.001390145,9.48771e-05,1.0514,1.0523,1.0511,1.0513,20703.0
2024-08-22 02:05:00,ARKMUSDT,66c69cf5e78ce5fb5909e3eb,Binance,5m,7845944.0,8228826.0672,0.7393,2024-08-22 10:05:41,5800506.3992,-568.6598000005,3474.0,-9.80266e-05,0.0004429727,1.0487,1.0499,1.0484,1.0494,4705.0
2024-08-22 02:10:00,ARKMUSDT,66c69e1d05e6883ed9f72e98,Binance,5m,7843636.0,8212286.892,0.7437,2024-08-22 10:10:37,5833312.0932,32805.6940000001,-2308.0,0.0056556603,-0.0002941647,1.0466,1.0469,1.0464,1.0466,4950.0
2024-08-22 02:15:00,ARKMUSDT,66c69f458314891bf3d61668,Binance,5m,7847468.0,8208451.528,0.7412,2024-08-22 10:15:33,5816543.281599999,-16768.8116000006,3832.0,-0.0028746639,0.0004885489,1.0463,1.0463,1.045,1.0457,9960.0
2024-08-22 02:20:00,ARKMUSDT,66c6a06bf1d42e3c7881a874,Binance,5m,7853377.0,8197103.604536,0.7387,2024-08-22 10:20:27,5801289.5899,-15253.6916999994,5909.0,-0.0026224668,0.0007529817,1.0433,1.0434,1.0417,1.0433,36359.0
2024-08-22 02:25:00,ARKMUSDT,66c6a19c608c3cfe4145b026,Binance,5m,7848014.0,8171999.40251458,0.7416,2024-08-22 10:25:32,5820087.1824,18797.5925000003,-5363.0,0.0032402438,-0.0006828909,1.0412,1.0415,1.0392,1.0399,26103.0
2024-08-22 02:30:00,ARKMUSDT,66c6a2c2b60b3c618624fa8a,Binance,5m,7854051.0,8153290.3431,0.7436,2024-08-22 10:30:26,5840272.323600001,20185.1412000004,6037.0,0.0034681854,0.0007692392,1.0383,1.0394,1.037,1.0393,30659.0
2024-08-22 02:35:00,ARKMUSDT,66c6a3fed96207596b6a6e78,Binance,5m,7858539.0,8175891.08770551,0.7411,2024-08-22 10:35:42,5823963.2529,-16309.070700001,4488.0,-0.0027925189,0.0005714249,1.0403,1.0418,1.0402,1.0406,8754.0
2024-08-22 02:40:00,ARKMUSDT,66c6a5218afd9211abd11748,Binance,5m,7859814.0,8182852.3554,0.7426,2024-08-22 10:40:33,5836697.8764,12734.6235000007,1275.0,0.0021865906,0.0001622439,1.0411,1.0411,1.0393,1.04,11370.0
2024-08-22 02:45:00,ARKMUSDT,66c6a655276a5640666de421,Binance,5m,7886263.0,8187308.31427894,0.7372,2024-08-22 10:45:41,5813753.0836,-22944.7928000009,26449.0,-0.0039311257,0.0033650924,1.0381,1.0392,1.038,1.0392,11851.0
2024-08-22 02:50:00,ARKMUSDT,66c6a77523252540472c498b,Binance,5m,7853371.0,8113060.14659862,0.7481,2024-08-22 10:50:29,5875106.8451,61353.7615,-32892.0,0.0105532107,-0.0041707967,1.0326,1.0333,1.0316,1.0329,43170.0
2024-08-22 02:55:00,ARKMUSDT,66c6a8a0f7bcde3094c4af31,Binance,5m,7858255.0,8073827.8376083,0.7461,2024-08-22 10:55:28,5863044.0555,-12062.7895999998,4884.0,-0.0020532034,0.0006218985,1.0272,1.0304,1.027,1.0287,26608.0
2024-08-22 03:00:00,ARKMUSDT,66c6a9d316c5857f079ee9df,Binance,5m,7855411.0,8126795.89007661,0.7464,2024-08-22 11:00:35,5863278.7704,234.7149,-2844.0,4.00329e-05,-0.0003619124,1.0343,1.0348,1.0319,1.0319,15077.0
2024-08-22 03:05:00,ARKMUSDT,66c6aaf68b682d2f7e163a47,Binance,5m,7869871.0,8107061.67165868,0.7495,2024-08-22 11:05:26,5898468.3145,35189.5441000005,14460.0,0.0060016836,0.0018407694,1.0301,1.0306,1.0292,1.0303,20800.0
2024-08-22 03:10:00,ARKMUSDT,66c6ac30814cf9960c006826,Binance,5m,7888722.0,8169697.21475226,0.7484,2024-08-22 11:10:40,5903919.544799999,5451.230299999,18851.0,0.0009241773,0.0023953379,1.0357,1.0384,1.0357,1.037,28105.0
2024-08-22 03:15:00,ARKMUSDT,66c6ad5373491647ca36ea63,Binance,5m,7903754.0,8174860.2707663,0.7487,2024-08-22 11:15:31,5917540.6198,13621.0750000011,15032.0,0.0023071241,0.0019055051,1.0341,1.0351,1.0338,1.0351,9605.0
2024-08-22 03:20:00,ARKMUSDT,66c6ae7ff89156b2a2e0d502,Binance,5m,7911968.0,8184697.96766208,0.7445,2024-08-22 11:20:31,5890460.176,-27080.4438000005,8214.0,-0.0045763004,0.001039253,1.0337,1.0345,1.0326,1.0344,11875.0
2024-08-22 03:25:00,ARKMUSDT,66c6afb65388cccff385934d,Binance,5m,7909713.0,8187631.52346468,0.7477,2024-08-22 11:25:42,5914092.4101,23632.2341,-2255.0,0.0040119504,-0.0002850113,1.035,1.0356,1.0346,1.035,6028.0
2024-08-22 03:30:00,ARKMUSDT,66c6b0dfa7d7ee0d34fe13fa,Binance,5m,7914186.0,8220464.9982,0.7468,2024-08-22 11:30:39,5910314.1048,-3778.3053000001,4473.0,-0.0006388648,0.0005655072,1.0387,1.0407,1.0386,1.0396,16591.0
2024-08-22 03:35:00,ARKMUSDT,66c6b1ffcfd25dadd2f62ced,Binance,5m,7916374.0,8221154.399,0.7459,2024-08-22 11:35:27,5904823.3666,-5490.7381999996,2188.0,-0.0009290095,0.0002764656,1.0385,1.0385,1.0373,1.0373,6508.0
2024-08-22 03:40:00,ARKMUSDT,66c6b3330bcc0565e8df857d,Binance,5m,7914575.0,8223023.95383525,0.7442,2024-08-22 11:40:35,5890026.715,-14796.6516000004,-1799.0,-0.0025058585,-0.0002272505,1.039,1.0396,1.0384,1.0384,6559.0
2024-08-22 03:45:00,ARKMUSDT,66c6b461fa9054c430531a57,Binance,5m,7918233.0,8228179.00733589,0.7446,2024-08-22 11:45:37,5895916.291800001,5889.5768000009,3658.0,0.0009999236,0.0004621853,1.0383,1.0383,1.0363,1.0373,21572.0
2024-08-22 03:50:00,ARKMUSDT,66c6b58e9d2a53865f5c9e34,Binance,5m,7925866.0,8231804.4276,0.7462,2024-08-22 11:50:38,5914281.209199999,18364.9173999988,7633.0,0.0031148538,0.0009639777,1.0388,1.0397,1.0387,1.0392,6455.0
2024-08-22 03:55:00,ARKMUSDT,66c6b6b8de5b91686bdd554c,Binance,5m,7928584.0,8247491.54922584,0.7462,2024-08-22 11:55:36,5916309.380799999,2028.1716,2718.0,0.0003429278,0.0003429278,1.04,1.0429,1.04,1.0425,29185.0
2024-08-22 04:00:00,ARKMUSDT,66c6b7dea2e502768ab328d1,Binance,5m,7934150.0,8257069.905,0.7456,2024-08-22 12:00:30,5915702.24,-607.1407999992,5566.0,-0.0001026215,0.0007020169,1.0407,1.0416,1.0407,1.0407,7498.0
2024-08-22 04:05:00,ARKMUSDT,66c6b9133111ff353a590b58,Binance,5m,7930745.0,8256790.2989122,0.7436,2024-08-22 12:05:39,5897301.982,-18400.2580000004,-3405.0,-0.0031104098,-0.0004291575,1.0407,1.0407,1.0397,1.0403,7026.0
2024-08-22 04:10:00,ARKMUSDT,66c6ba4188f827541bf50544,Binance,5m,7931105.0,8267004.5865589,0.7466,2024-08-22 12:10:41,5921362.993000001,24061.0110000009,360.0,0.0040800032,4.5393e-05,1.0424,1.0436,1.0418,1.0423,15554.0
2024-08-22 04:15:00,ARKMUSDT,66c6bb5f43b9702686d5ec49,Binance,5m,7939116.0,8263825.8444,0.7446,2024-08-22 12:15:27,5911465.7736,-9897.2194000008,8011.0,-0.0016714428,0.0010100736,1.041,1.0417,1.0401,1.0403,7884.0
2024-08-22 04:20:00,ARKMUSDT,66c6bc906e5c29cc27a2d314,Binance,5m,7944914.0,8272597.84657472,0.7435,2024-08-22 12:20:32,5907043.559,-4422.2145999996,5798.0,-0.0007480741,0.000730308,1.0412,1.0414,1.0407,1.041,4751.0
2024-08-22 04:25:00,ARKMUSDT,66c6bdb95dc2760493ddc1a3,Binance,5m,7962933.0,8267117.0406,0.7438,2024-08-22 12:25:29,5922829.5654,15786.0063999994,18019.0,0.0026724039,0.0022679918,1.0381,1.039,1.0378,1.039,15436.0
2024-08-22 04:30:00,ARKMUSDT,66c6bee319a6d7abafdb2e3d,Binance,5m,7963196.0,8292564.45724264,0.742,2024-08-22 12:30:27,5908691.432,-14138.1333999997,263.0,-0.0023870573,3.3028e-05,1.0408,1.0415,1.0399,1.0413,19858.0
2024-08-22 04:35:00,ARKMUSDT,66c6c012b68414bb7713099e,Binance,5m,7954005.0,8296613.7433287,0.7439,2024-08-22 12:35:30,5916984.3195,8292.8875000002,-9191.0,0.0014035066,-0.0011541848,1.0425,1.0425,1.0412,1.0412,11099.0
2024-08-22 04:40:00,ARKMUSDT,66c6c1449c9a063e9f0fcc1a,Binance,5m,7907384.0,8218144.1912,0.7464,2024-08-22 12:40:36,5902071.417599999,-14912.9019000009,-46621.0,-0.0025203551,-0.0058613239,1.0394,1.0407,1.039,1.039,11678.0
2024-08-22 04:45:00,ARKMUSDT,66c6c26aec23e74d4af1c31a,Binance,5m,7904495.0,8214782.3151573,0.7475,2024-08-22 12:45:30,5908610.0125,6538.5949000008,-2889.0,0.0011078475,-0.0003653547,1.0392,1.0392,1.0383,1.0384,6120.0
2024-08-22 04:50:00,ARKMUSDT,66c6c3a28f228308594ca5ed,Binance,5m,7914890.0,8222779.221,0.745,2024-08-22 12:50:42,5896593.05,-12016.9625000004,10395.0,-0.0020338053,0.0013150745,1.0392,1.0399,1.0386,1.0386,7765.0
2024-08-22 04:55:00,ARKMUSDT,66c6c4d0ee14ca0088d925bb,Binance,5m,7911242.0,8225011.3512104,0.7461,2024-08-22 12:55:44,5902577.6562,5984.6062000003,-3648.0,0.0010149261,-0.0004609034,1.0393,1.0395,1.0388,1.0391,4175.0
2024-08-22 05:00:00,ARKMUSDT,66c6c5f3a039e96a9b1ba612,Binance,5m,7909572.0,8238802.23960816,0.7454,2024-08-22 13:00:35,5895794.9688,-6782.6874000002,-1670.0,-0.001149106,-0.000211092,1.0416,1.043,1.0395,1.0426,67024.0
2024-08-22 05:05:00,ARKMUSDT,66c6c71b8a69b7f7a9fb78d0,Binance,5m,7885419.0,8218183.6818,0.7461,2024-08-22 13:05:31,5883311.1159,-12483.8529000003,-24153.0,-0.0021174164,-0.0030536418,1.0422,1.0422,1.0411,1.0413,7625.0
2024-08-22 05:10:00,ARKMUSDT,66c6c85173e3729c1c586a25,Binance,5m,7884894.0,8206597.6752,0.7426,2024-08-22 13:10:41,5855322.2844,-27988.8314999994,-525.0,-0.0047573264,-6.65786e-05,1.0407,1.0417,1.0406,1.0417,2623.0
2024-08-22 05:15:00,ARKMUSDT,66c6c96f386bedf6220df453,Binance,5m,7886322.0,8208083.9376,0.7442,2024-08-22 13:15:27,5869000.8324,13678.5479999995,1428.0,0.002336088,0.0001811058,1.0408,1.0408,1.0395,1.0401,5073.0
2024-08-22 05:20:00,ARKMUSDT,66c6caa16d4adae0682682d4,Binance,5m,7890708.0,8213437.9572,0.7449,2024-08-22 13:20:33,5877788.3892,8787.5568000004,4386.0,0.0014972833,0.0005561528,1.0411,1.0411,1.0405,1.0407,5180.0
2024-08-22 05:25:00,ARKMUSDT,66c6cbceb62a954e3dab51b9,Binance,5m,7895463.0,8234178.3627,0.7432,2024-08-22 13:25:34,5867908.1016,-9880.2876000004,4755.0,-0.0016809533,0.0006026075,1.0427,1.043,1.0423,1.0428,6731.0
2024-08-22 05:30:00,ARKMUSDT,66c6ccfcd9d7d08493934d45,Binance,5m,7898100.0,8249565.45,0.7434,2024-08-22 13:30:36,5871447.54,3539.4384000003,2637.0,0.0006031857,0.0003339893,1.0445,1.0445,1.0431,1.0436,6268.0
2024-08-22 05:35:00,ARKMUSDT,66c6ce2b57776135ebc842c1,Binance,5m,7895752.0,8236861.98813592,0.746,2024-08-22 13:35:39,5890230.992,18783.4519999996,-2348.0,0.0031991177,-0.0002972867,1.0436,1.0446,1.043,1.043,8012.0
2024-08-22 05:40:00,ARKMUSDT,66c6cf6669d752a01b6aaa8c,Binance,5m,7899809.0,8221331.2263,0.7453,2024-08-22 13:40:54,5887727.6477,-2503.3443,4057.0,-0.0004249993,0.0005138206,1.0407,1.0414,1.0407,1.0412,7844.0
2024-08-22 05:45:00,ARKMUSDT,66c6d079ca1981ff6425de70,Binance,5m,7900941.0,8215398.4518,0.7452,2024-08-22 13:45:29,5887781.2332,53.5855,1132.0,9.1012e-06,0.0001432946,1.0398,1.0406,1.0397,1.0397,7868.0
2024-08-22 05:50:00,ARKMUSDT,66c6d1aa011fe3d9bbfefcee,Binance,5m,7896712.0,8201525.0832,0.7443,2024-08-22 13:50:34,5877522.741599999,-10258.4916000003,-4229.0,-0.0017423357,-0.0005352527,1.0388,1.0397,1.0388,1.0392,7557.0
2024-08-22 05:55:00,ARKMUSDT,66c6d2d0bb8f9a0656ab13cb,Binance,5m,7897929.0,8209897.1955,0.7446,2024-08-22 13:55:28,5880797.9334,3275.1918000011,1217.0,0.0005572402,0.0001541148,1.0398,1.0407,1.0398,1.0407,3067.0
2024-08-22 06:00:00,ARKMUSDT,66c6d4003b8042c784f1cdd3,Binance,5m,7903676.0,8218242.3048,0.7441,2024-08-22 14:00:32,5881125.3116,327.3781999992,5747.0,5.5669e-05,0.0007276591,1.0399,1.0401,1.0387,1.0388,8481.0
2024-08-22 06:05:00,ARKMUSDT,66c6d527e2c304bc301fa792,Binance,5m,7902359.0,8252278.53844001,0.745,2024-08-22 14:05:27,5887257.455,6132.1434000004,-1317.0,0.001042682,-0.0001666313,1.0435,1.0446,1.0433,1.0433,19139.0
2024-08-22 06:10:00,ARKMUSDT,66c6d659ea48c51f73b6c0ea,Binance,5m,7904407.0,8277176.54184197,0.7406,2024-08-22 14:10:33,5854003.824200001,-33253.6307999995,2048.0,-0.0056484078,0.0002591631,1.0471,1.0478,1.0469,1.0475,7649.0
2024-08-22 06:15:00,ARKMUSDT,66c6d788905776b23c9175ba,Binance,5m,7922605.0,8273576.4015,0.7369,2024-08-22 14:15:36,5838167.6245,-15836.1997000007,18198.0,-0.0027051912,0.00230226,1.0444,1.0448,1.0437,1.0444,14085.0
2024-08-22 06:20:00,ARKMUSDT,66c6d8b63dd4c047c9e18175,Binance,5m,7908171.0,8232047.21728173,0.7361,2024-08-22 14:20:38,5821204.6731,-16962.9513999997,-14434.0,-0.0029055266,-0.0018218755,1.0412,1.0412,1.0399,1.0408,12147.0
2024-08-22 06:25:00,ARKMUSDT,66c6d9df9565ebf6e416f0a9,Binance,5m,7915758.0,8229222.0168,0.7333,2024-08-22 14:25:35,5804625.341399999,-16579.3317000009,7587.0,-0.0028480929,0.0009593874,1.0396,1.0411,1.0393,1.0411,12623.0
2024-08-22 06:30:00,ARKMUSDT,66c6db0561d2b10f39515d71,Binance,5m,7918052.0,8243483.9372,0.7329,2024-08-22 14:30:29,5803140.3108,-1485.0305999992,2294.0,-0.0002558357,0.0002898017,1.041,1.0416,1.0402,1.0402,8514.0
2024-08-22 06:35:00,ARKMUSDT,66c6dc30de8e6329a2e05071,Binance,5m,7916461.0,8241827.5471,0.7338,2024-08-22 14:35:28,5809099.0818,5958.7709999997,-1591.0,0.0010268184,-0.0002009333,1.0412,1.0412,1.0399,1.0402,7521.0
2024-08-22 06:40:00,ARKMUSDT,66c6dd6bf7be3749a8c14643,Binance,5m,7921190.0,8238037.6,0.7347,2024-08-22 14:40:43,5819698.2930000005,10599.2112000007,4729.0,0.0018245878,0.0005973629,1.04,1.041,1.0398,1.0399,4038.0
2024-08-22 06:45:00,ARKMUSDT,66c6de8c211c347a8ffc9ee7,Binance,5m,7920006.0,8240766.243,0.7356,2024-08-22 14:45:32,5825956.413600001,6258.1206,-1184.0,0.0010753342,-0.0001494725,1.0403,1.0427,1.0401,1.0424,9550.0
2024-08-22 06:50:00,ARKMUSDT,66c6dfc02abb3c28a347b589,Binance,5m,7919823.0,8264335.3005,0.7355,2024-08-22 14:50:40,5825029.816500001,-926.5970999999,-183.0,-0.0001590463,-2.3106e-05,1.0437,1.0457,1.0437,1.0454,43768.0
2024-08-22 06:55:00,ARKMUSDT,66c6e0e72fd680aefe53f6e7,Binance,5m,7940096.0,8310898.4832,0.732,2024-08-22 14:55:35,5812150.272,-12879.5445000008,20273.0,-0.0022110693,0.0025597794,1.0466,1.0472,1.0456,1.0456,8023.0
2024-08-22 07:00:00,ARKMUSDT,66c6e21ac848c873ccdf02ab,Binance,5m,7940397.0,8294538.7062,0.7071,2024-08-22 15:00:42,5614654.718699999,-197495.5533000007,301.0,-0.0339797741,3.79089e-05,1.0446,1.0456,1.0445,1.0451,21128.0
2024-08-22 07:05:00,ARKMUSDT,66c6e33fa766657f5e5358c1,Binance,5m,7920565.0,8306409.4627569,0.7044,2024-08-22 15:05:35,5579245.9860000005,-35408.7326999987,-19832.0,-0.0063064845,-0.0024976081,1.0486,1.0512,1.0477,1.0512,32850.0
2024-08-22 07:10:00,ARKMUSDT,66c6e463f3e4a62e8152538e,Binance,5m,7936194.0,8317087.74229494,0.7028,2024-08-22 15:10:27,5577557.1432,-1688.8428000007,15629.0,-0.0003027009,0.0019732178,1.0479,1.048,1.0469,1.0472,15808.0
2024-08-22 07:15:00,ARKMUSDT,66c6e59275edc1dfde6499fc,Binance,5m,7922190.0,8302019.9541033,0.7096,2024-08-22 15:15:30,5621586.024,44028.8808000004,-14004.0,0.0078939363,-0.0017645738,1.0475,1.0488,1.0475,1.0478,11986.0
2024-08-22 07:20:00,ARKMUSDT,66c6e6ba86f01264df9a2d91,Binance,5m,7986212.0,8397490.3379926,0.7067,2024-08-22 15:20:26,5643856.0204,22269.9963999996,64022.0,0.0039615148,0.0080813512,1.051,1.0515,1.0508,1.0511,16694.0
2024-08-22 07:25:00,ARKMUSDT,66c6e7f33c5e18791668d718,Binance,5m,7982457.0,8358430.7247,0.7074,2024-08-22 15:25:39,5646790.0818,2934.0614,-3755.0,0.0005198682,-0.0004701854,1.0471,1.0479,1.0471,1.0472,7050.0
2024-08-22 07:30:00,ARKMUSDT,66c6e91e3d5f070d8b538f54,Binance,5m,7975416.0,8348665.4688,0.7101,2024-08-22 15:30:38,5663342.9016,16552.8197999997,-7041.0,0.002931368,-0.0008820592,1.047,1.0476,1.0464,1.0464,7456.0
2024-08-22 07:35:00,ARKMUSDT,66c6ea41d0c229a67bb7d514,Binance,5m,7972486.0,8337625.8588,0.7114,2024-08-22 15:35:29,5671626.5404,8283.6388000008,-2930.0,0.0014626765,-0.000367379,1.0463,1.0465,1.0454,1.0457,5030.0
2024-08-22 07:40:00,ARKMUSDT,66c6eb7655bebb2fd562d25f,Binance,5m,7970630.0,8357164.9844933,0.7083,2024-08-22 15:40:38,5645597.229,-26029.3114,-1856.0,-0.0045893909,-0.0002328007,1.0483,1.0507,1.0478,1.0504,29830.0
2024-08-22 07:45:00,ARKMUSDT,66c6ec9c1a6c942a6093e7ec,Binance,5m,7975463.0,8416487.12229806,0.7013,2024-08-22 15:45:32,5593192.201900001,-52405.0270999996,4833.0,-0.0092824594,0.0006063511,1.0551,1.0551,1.0539,1.0539,18142.0
2024-08-22 07:50:00,ARKMUSDT,66c6edc8c5ad9576f752b717,Binance,5m,8048253.0,8525513.35662711,0.7022,2024-08-22 15:50:32,5651483.2566,58291.0546999993,72790.0,0.0104217864,0.0091267429,1.0588,1.0593,1.0558,1.0566,83341.0
2024-08-22 07:55:00,ARKMUSDT,66c6eefbf8a83da22f649e92,Binance,5m,8026007.0,8514771.08232278,0.7073,2024-08-22 15:55:39,5676794.7511,25311.4945,-22246.0,0.0044787348,-0.0027640781,1.06,1.0603,1.0589,1.0601,10321.0
2024-08-22 08:00:00,ARKMUSDT,66c6f01f943e10e5c280ddbc,Binance,5m,8018452.0,8495520.78701924,0.7091,2024-08-22 16:00:31,5685884.3132,9089.5620999997,-7555.0,0.0016011786,-0.0009413149,1.059,1.0604,1.0582,1.0584,24646.0
2024-08-22 08:05:00,ARKMUSDT,66c6f14d4aea8a91392cdf51,Binance,5m,8016419.0,8471751.5992,0.7095,2024-08-22 16:05:33,5687649.2805,1764.9673000006,-2033.0,0.0003104121,-0.0002535402,1.0573,1.0576,1.0556,1.0558,8570.0
2024-08-22 08:10:00,ARKMUSDT,66c6f2827d0f1cdc20aee799,Binance,5m,8015348.0,8438558.3744,0.707,2024-08-22 16:10:42,5666851.035999999,-20798.244500001,-1071.0,-0.0036567382,-0.0001336008,1.0527,1.0535,1.0526,1.0529,3072.0
2024-08-22 08:15:00,ARKMUSDT,66c6f3ae2f6fe7d81f18b238,Binance,5m,8009866.0,8428578.78149958,0.7108,2024-08-22 16:15:42,5693412.7528,26561.7168000005,-5482.0,0.0046872093,-0.0006839379,1.0524,1.0535,1.0522,1.0533,18492.0
2024-08-22 08:20:00,ARKMUSDT,66c6f4e4c44ba2312b01cce3,Binance,5m,8006133.0,8458479.5145,0.7088,2024-08-22 16:20:52,5674747.0704,-18665.6824000003,-3733.0,-0.0032784699,-0.0004660502,1.0564,1.0564,1.0545,1.0562,10133.0
2024-08-22 08:25:00,ARKMUSDT,66c6f61007affd91d656fc3d,Binance,5m,8004537.0,8459023.16437209,0.7084,2024-08-22 16:25:52,5670414.0108,-4333.0595999993,-1596.0,-0.0007635688,-0.0001993472,1.0562,1.0595,1.0558,1.059,16033.0
2024-08-22 08:30:00,ARKMUSDT,66c6f7272d093c644ffb8627,Binance,5m,8004126.0,8490776.8608,0.7086,2024-08-22 16:30:31,5671723.6836,1309.6727999998,-411.0,0.000230966,-5.13459e-05,1.0608,1.0627,1.0587,1.0589,39462.0
2024-08-22 08:35:00,ARKMUSDT,66c6f85148a7bdb1556c2822,Binance,5m,7989812.0,8451623.1336,0.7134,2024-08-22 16:35:29,5699931.8808,28208.1972000003,-14314.0,0.0049734787,-0.0017883277,1.0578,1.058,1.0565,1.0566,5099.0
2024-08-22 08:40:00,ARKMUSDT,66c6f97c2b36c3ad4fba02c7,Binance,5m,8043737.0,8569487.7159255,0.7049,2024-08-22 16:40:28,5670030.2113,-29901.6695000008,53925.0,-0.0052459696,0.0067492201,1.0648,1.0694,1.0646,1.0676,59743.0
2024-08-22 08:45:00,ARKMUSDT,66c6faafa944fe7c722f9561,Binance,5m,8156282.0,8733746.7656,0.6893,2024-08-22 16:45:35,5622125.1826,-47905.0286999997,112545.0,-0.0084488137,0.013991631,1.0708,1.072,1.0692,1.072,47590.0
2024-08-22 08:50:00,ARKMUSDT,66c6fbd53e9c55fb4b8a5f81,Binance,5m,8379038.0,9043545.06593382,0.689,2024-08-22 16:50:29,5773157.181999999,151031.9993999992,222756.0,0.0268638628,0.0273109733,1.0789,1.0841,1.0785,1.0792,172324.0
2024-08-22 08:55:00,ARKMUSDT,66c6fd02cfd0bd24b98437fa,Binance,5m,8466944.0,9156153.2416,0.6883,2024-08-22 16:55:30,5827797.5552,54640.3732000012,87906.0,0.0094645567,0.0104911805,1.081,1.081,1.0776,1.0776,53664.0
2024-08-22 09:00:00,ARKMUSDT,66c6fe30ff708ba80172ba17,Binance,5m,8484919.0,9163385.51122174,0.6904,2024-08-22 17:00:32,5857988.0776,30190.5224000001,17975.0,0.0051804343,0.002122962,1.0795,1.0795,1.0771,1.0775,25386.0
2024-08-22 09:05:00,ARKMUSDT,66c6ff6822656595dd23e4e8,Binance,5m,8463268.0,9131169.30651288,0.6947,2024-08-22 17:05:44,5879432.2796,21444.2019999996,-21651.0,0.003660677,-0.0025517038,1.0788,1.0826,1.0788,1.0816,44205.0
2024-08-22 09:10:00,ARKMUSDT,66c70091be9c9a2768c00b2b,Binance,5m,8471237.0,9104885.5276,0.6932,2024-08-22 17:10:41,5872261.4884,-7170.7911999999,7969.0,-0.0012196401,0.0009415984,1.0749,1.0768,1.0733,1.0754,41606.0
2024-08-22 09:15:00,ARKMUSDT,66c701bbb2e024bce99ec1b5,Binance,5m,8438332.0,9049267.2368,0.6947,2024-08-22 17:15:39,5862109.2404,-10152.2480000006,-32905.0,-0.0017288481,-0.0038843206,1.0723,1.0732,1.0698,1.0718,33077.0
2024-08-22 09:20:00,ARKMUSDT,66c702e5a7105af127a553c2,Binance,5m,8432216.0,9054513.5408,0.6924,2024-08-22 17:20:37,5838466.3584,-23642.8819999993,-6116.0,-0.0040331698,-0.0007247878,1.0737,1.0739,1.0721,1.0738,20367.0
2024-08-22 09:25:00,ARKMUSDT,66c70406b27208232b1afdc9,Binance,5m,8415129.0,9019335.2622,0.6908,2024-08-22 17:25:26,5813171.1132,-25295.2452000007,-17087.0,-0.0043325154,-0.002026395,1.0717,1.0727,1.0714,1.0716,27565.0
2024-08-22 09:30:00,ARKMUSDT,66c705467b4bd2fa8d852af1,Binance,5m,8374392.0,8956206.31770072,0.6951,2024-08-22 17:30:46,5821039.8792,7868.7660000008,-40737.0,0.0013536099,-0.004840924,1.0684,1.0693,1.0683,1.0687,10611.0
2024-08-22 09:35:00,ARKMUSDT,66c7066c171917eff012819e,Binance,5m,8363921.0,8940605.8254211,0.6925,2024-08-22 17:35:40,5792015.2925,-29024.5866999999,-10471.0,-0.0049861515,-0.0012503594,1.069,1.0723,1.069,1.0723,25464.0
2024-08-22 09:40:00,ARKMUSDT,66c7078e1b25bbeb8ee96b7e,Binance,5m,8381661.0,8978897.59562076,0.6935,2024-08-22 17:40:30,5812681.9035,20666.6109999996,17740.0,0.0035681209,0.0021210148,1.0716,1.0716,1.0684,1.069,22476.0
2024-08-22 09:45:00,ARKMUSDT,66c708bcd31c07088365c2de,Binance,5m,8379931.0,8959822.2252,0.6931,2024-08-22 17:45:32,5808130.176100001,-4551.7273999993,-1730.0,-0.0007830684,-0.000206403,1.0696,1.0696,1.0686,1.069,9562.0
2024-08-22 09:50:00,ARKMUSDT,66c709e787b62e156393a7a5,Binance,5m,8367517.0,8937344.9077,0.6936,2024-08-22 17:50:31,5803709.7912,-4420.3849000009,-12414.0,-0.0007610685,-0.0014813964,1.0683,1.0686,1.0676,1.0686,10829.0
2024-08-22 09:55:00,ARKMUSDT,66c70b1d304fdb274dc6f292,Binance,5m,8361710.0,8924597.9914343,0.6961,2024-08-22 17:55:41,5820586.331,16876.5398000004,-5807.0,0.0029078883,-0.0006939932,1.0667,1.0685,1.0652,1.0681,22885.0
2024-08-22 10:00:00,ARKMUSDT,66c70c3e133766151f473903,Binance,5m,8345503.0,8898809.8489,0.6957,2024-08-22 18:00:30,5805966.4371,-14619.8939000005,-16207.0,-0.0025117562,-0.0019382399,1.0665,1.0668,1.0648,1.0653,37043.0
2024-08-22 10:05:00,ARKMUSDT,66c70d7740d0629b516f1d91,Binance,5m,8429788.0,9053116.28187164,0.6888,2024-08-22 18:05:43,5806437.9744,471.5373,84285.0,8.1216e-05,0.0100994512,1.0744,1.0779,1.0739,1.0774,34451.0
2024-08-22 10:10:00,ARKMUSDT,66c70ea22ce1ced7162f3d87,Binance,5m,8574455.0,9287383.3771371,0.6862,2024-08-22 18:10:42,5883791.021000001,77353.0466000009,144667.0,0.0133219449,0.0171614043,1.0827,1.0842,1.0824,1.0824,28091.0
2024-08-22 10:15:00,ARKMUSDT,66c70fc7dd1ff9bf5f6cff0f,Binance,5m,8608001.0,9356398.94198213,0.6869,2024-08-22 18:15:35,5912835.886899999,29044.8658999987,33546.0,0.0049364204,0.0039123186,1.0873,1.0924,1.0873,1.092,84833.0
2024-08-22 10:20:00,ARKMUSDT,66c710f9e5e594aaa0ecaf02,Binance,5m,8693116.0,9588506.948,0.6848,2024-08-22 18:20:41,5953045.8368,40209.9499000004,85115.0,0.0068004509,0.0098878938,1.1034,1.1057,1.1018,1.1043,198782.0
2024-08-22 10:25:00,ARKMUSDT,66c7121e658626d9b92d2605,Binance,5m,8734440.0,9626156.1864468,0.6844,2024-08-22 18:25:34,5977850.7360000005,24804.8992000008,41324.0,0.0041667576,0.0047536464,1.1022,1.106,1.102,1.1052,60274.0
2024-08-22 10:30:00,ARKMUSDT,66c713484fdfcca46488dbde,Binance,5m,8716743.0,9619201.3495788,0.6878,2024-08-22 18:30:32,5995375.835399999,17525.0993999988,-17697.0,0.0029316723,-0.0020261173,1.1035,1.1053,1.101,1.1017,89724.0
2024-08-22 10:35:00,ARKMUSDT,66c714777f35ef825f987634,Binance,5m,8686843.0,9581925.92092956,0.6895,2024-08-22 18:35:35,5989578.2485,-5797.5868999995,-29900.0,-0.0009670098,-0.0034301803,1.1031,1.1032,1.1011,1.102,30333.0
2024-08-22 10:40:00,ARKMUSDT,66c715a80b9ffa24c2c505ce,Binance,5m,8584796.0,9451890.95787376,0.6902,2024-08-22 18:40:40,5925226.199200001,-64352.0492999991,-102047.0,-0.0107440034,-0.0117473057,1.1006,1.1026,1.0978,1.1024,50441.0
2024-08-22 10:45:00,ARKMUSDT,66c716d022d27fba71f36af9,Binance,5m,8584135.0,9442047.95908815,0.6874,2024-08-22 18:45:36,5900734.399,-24491.8002000004,-661.0,-0.0041334794,-7.69966e-05,1.1005,1.1012,1.0997,1.1009,28848.0
2024-08-22 10:50:00,ARKMUSDT,66c717f5c9d901f7391e37c6,Binance,5m,8588646.0,9474354.75661884,0.6887,2024-08-22 18:50:29,5915000.5002,14266.1011999995,4511.0,0.0024176823,0.0005255043,1.1027,1.1027,1.1008,1.1019,27501.0
2024-08-22 10:55:00,ARKMUSDT,66c71926555f9ea8df274f3d,Binance,5m,8609963.0,9472681.2926,0.6849,2024-08-22 18:55:34,5896963.6587,-18036.8415000001,21317.0,-0.003049339,0.0024819977,1.1,1.1007,1.0982,1.1001,33729.0
2024-08-22 11:00:00,ARKMUSDT,66c71a5b2a70f1cd6899d736,Binance,5m,8568051.0,9500254.9488,0.6879,2024-08-22 19:00:43,5893962.2829,-3001.3757999996,-41912.0,-0.0005089697,-0.004867849,1.1084,1.1141,1.1082,1.112,89527.0
2024-08-22 11:05:00,ARKMUSDT,66c71b79f66f28b06d835c0a,Binance,5m,8581020.0,9451135.428,0.6975,2024-08-22 19:05:29,5985261.45,91299.1671000002,12969.0,0.015490287,0.0015136465,1.1014,1.1021,1.0982,1.1014,99489.0
2024-08-22 11:10:00,ARKMUSDT,66c71cb30847502319beb734,Binance,5m,8574517.0,9479128.5435,0.6952,2024-08-22 19:10:43,5961004.218400001,-24257.2315999996,-6503.0,-0.0040528274,-0.0007578353,1.105,1.1082,1.105,1.1063,57958.0
2024-08-22 11:15:00,ARKMUSDT,66c71dd3f58f8942d2c814f7,Binance,5m,8595225.0,9542418.795,0.6931,2024-08-22 19:15:31,5957350.447500001,-3653.7708999999,20708.0,-0.0006129455,0.0024150631,1.1103,1.1111,1.1041,1.1062,69046.0
2024-08-22 11:20:00,ARKMUSDT,66c71f07583bda69141d2fe4,Binance,5m,8631636.0,9557646.45539964,0.6922,2024-08-22 19:20:39,5974818.4392,17467.9916999992,36411.0,0.0029321746,0.0042361893,1.1057,1.1064,1.1035,1.1064,25558.0
2024-08-22 11:25:00,ARKMUSDT,66c720422f19b8c61daca28f,Binance,5m,8654062.0,9654055.7395209,0.6932,2024-08-22 19:25:54,5998995.7784,24177.3392000003,22426.0,0.0040465396,0.002598117,1.1149,1.118,1.1141,1.1172,129536.0
2024-08-22 11:30:00,ARKMUSDT,66c721554d7b32d6cce62a55,Binance,5m,8675899.0,9736961.4477,0.6903,2024-08-22 19:30:29,5988973.079700001,-10022.6986999996,21837.0,-0.0016707294,0.0025233237,1.1225,1.1225,1.114,1.1148,177127.0
2024-08-22 11:35:00,ARKMUSDT,66c7228f4b697ecd9049333b,Binance,5m,8556580.0,9512758.8193924,0.6981,2024-08-22 19:35:43,5973348.498000001,-15624.5817,-119319.0,-0.0026088916,-0.0137529264,1.1122,1.1146,1.112,1.1144,19683.0
2024-08-22 11:40:00,ARKMUSDT,66c723c223122134e61677a5,Binance,5m,8553688.0,9482618.5168,0.695,2024-08-22 19:40:50,5944813.159999999,-28535.3380000014,-2892.0,-0.0047771092,-0.0003379855,1.1085,1.11,1.1082,1.1091,24379.0
2024-08-22 11:45:00,ARKMUSDT,66c724daffd956427237ceb9,Binance,5m,8563036.0,9530659.068,0.691,2024-08-22 19:45:30,5917057.875999999,-27755.284,9348.0,-0.0046688236,0.0010928619,1.113,1.1184,1.113,1.117,133161.0
2024-08-22 11:50:00,ARKMUSDT,66c726021105d9515bb5f358,Binance,5m,8588424.0,9638838.0680592,0.6881,2024-08-22 19:50:26,5909694.554400001,-7363.3215999985,25388.0,-0.0012444228,0.0029648363,1.122,1.124,1.1197,1.1219,59663.0
2024-08-22 11:55:00,ARKMUSDT,66c7273d9824662532512d12,Binance,5m,8580392.0,9613471.1968,0.6865,2024-08-22 19:55:41,5890439.108,-19255.4464000007,-8032.0,-0.0032582812,-0.0009352123,1.1198,1.1207,1.1177,1.1192,42523.0
2024-08-22 12:00:00,ARKMUSDT,66c728687374919037d56b10,Binance,5m,8577781.0,9580523.5989,0.6909,2024-08-22 20:00:40,5926388.892899999,35949.7848999994,-2611.0,0.0061030739,-0.0003042985,1.1164,1.1164,1.1126,1.1134,54092.0
2024-08-22 12:05:00,ARKMUSDT,66c72987974ca2b23668647b,Binance,5m,8530575.0,9467232.135,0.6933,2024-08-22 20:05:27,5914247.6475,-12141.2453999994,-47206.0,-0.0020486751,-0.0055032881,1.1095,1.1109,1.1083,1.1107,43122.0
2024-08-22 12:10:00,ARKMUSDT,66c72ab6cc6fddf356fdb561,Binance,5m,8512209.0,9400032.3987,0.6918,2024-08-22 20:10:30,5888746.186199999,-25501.4613000005,-18366.0,-0.004311869,-0.0021529616,1.1041,1.1047,1.1017,1.1041,83540.0
2024-08-22 12:15:00,ARKMUSDT,66c72be7bccfb15c5f80c1d8,Binance,5m,8472478.0,9351073.9686,0.6897,2024-08-22 20:15:35,5843468.0766,-45278.1095999992,-39731.0,-0.0076889219,-0.0046675311,1.1037,1.1061,1.1031,1.1057,29974.0
2024-08-22 12:20:00,ARKMUSDT,66c72d1bcf37d05875a05353,Binance,5m,8463625.0,9327652.9473725,0.6901,2024-08-22 20:20:43,5840747.612500001,-2720.4640999995,-8853.0,-0.0004655564,-0.0010449127,1.1016,1.1051,1.1016,1.1041,34035.0
2024-08-22 12:25:00,ARKMUSDT,66c72e4662750f621709d268,Binance,5m,8461193.0,9388539.7528,0.6875,2024-08-22 20:25:42,5817070.1875,-23677.4250000007,-2432.0,-0.0040538346,-0.0002873473,1.109,1.1092,1.108,1.108,27702.0
2024-08-22 12:30:00,ARKMUSDT,66c72f7563434ad9c4ccc07c,Binance,5m,8462019.0,9353307.12957333,0.6899,2024-08-22 20:30:45,5837946.9081,20876.7205999997,826.0,0.003588872,9.76222e-05,1.105,1.108,1.1037,1.1063,29997.0
2024-08-22 12:35:00,ARKMUSDT,66c7309300891243df3dd90f,Binance,5m,8425371.0,9251057.358,0.6977,2024-08-22 20:35:31,5878381.3467,40434.4386,-36648.0,0.0069261402,-0.0043308813,1.0981,1.0988,1.0951,1.0966,52558.0
2024-08-22 12:40:00,ARKMUSDT,66c731bd9455f270cae8cba0,Binance,5m,8423900.0,9249442.2,0.6955,2024-08-22 20:40:29,5858822.45,-19558.8966999995,-1471.0,-0.0033272589,-0.0001745917,1.098,1.1008,1.098,1.1,32611.0
2024-08-22 12:45:00,ARKMUSDT,66c732f8cf8a3d28c48acf34,Binance,5m,8433163.0,9261569.04615785,0.6922,2024-08-22 20:45:44,5837435.4286,-21387.0214,9263.0,-0.0036503959,0.0010996094,1.0983,1.0985,1.0958,1.0959,22634.0
2024-08-22 12:50:00,ARKMUSDT,66c73417bfc9c74dff72ae99,Binance,5m,8456946.0,9283366.88178816,0.6898,2024-08-22 20:50:31,5833601.3508,-3834.0778000001,23783.0,-0.0006568086,0.0028201755,1.0976,1.0984,1.0968,1.0977,15718.0
2024-08-22 12:55:00,ARKMUSDT,66c7354ba674c0ff9f43c6d6,Binance,5m,8522823.0,9513402.84765879,0.6948,2024-08-22 20:55:39,5921657.4204,88056.0696,65877.0,0.0150946327,0.0077896915,1.115,1.1171,1.111,1.1141,104004.0
